869 15
998 15
123 15
416 15
709 15
443 15
450 15
497 15
71 15
479 15
616 15
399 15
735 15
289 15
668 15
545 15
704 15
182 15
203 15
188 15
163 15
712 15
785 15
359 15
487 15
521 15
619 15
153 15
407 15
816 15
272 15
930 15
793 15
566 15
440 15
963 15
698 15
8 15
365 15
530 15
415 15
601 15
782 15
726 15
838 15
667 15
507 15
396 15
523 15
441 15
346 15
4 15
206 15
140 15
816 15
755 15
10 15
736 15
931 15
573 15
537 15
91 15
788 15
174 15
90 15
873 15
746 15
198 15
581 15
495 15
865 15
159 15
101 15
10 15
562 15
492 15
828 15
723 15
956 15
736 15
740 15
185 15
752 15
335 15
929 15
979 15
778 15
629 15
37 15
657 15
27 15
457 15
467 15
333 15
107 15
62 15
405 15
276 15
788 15
534 15
969 15
875 15
650 15
395 15
286 15
239 15
55 15
20 15
740 15
949 15
995 15
712 15
770 15
515 15
584 15
266 15
449 15
913 15
387 15
593 15
677 15
760 15
255 15
250 15
403 15
165 15
731 15
76 15
270 15
737 15
868 15
984 15
148 15
976 15
245 15
867 15
966 15
620 15
170 15
538 15
732 15
438 15
29 15
377 15
302 15
481 15
103 15
575 15
336 15
379 15
400 15
994 15
93 15
440 15
306 15
434 15
684 15
500 15
128 15
565 15
216 15
749 15
348 15
807 15
161 15
187 15
85 15
987 15
400 15
717 15
567 15
538 15
655 15
434 15
564 15
838 15
167 15
224 15
513 15
228 15
667 15
364 15
276 15
237 15
170 15
583 15
817 15
959 15
578 15
600 15
196 15
172 15
960 15
76 15
408 15
935 15
348 15
376 15
342 15
238 15
472 15
438 15
314 15
376 15
225 15
691 15
791 15
237 15
999 15
604 15
314 15
12 15
615 15
800 15
436 15
77 15
671 15
271 15
56 15
924 15
297 15
189 15
541 15
214 15
833 15
906 15
342 15
52 15
449 15
345 15
773 15
1 15
755 15
315 15
118 15
681 15
46 15
400 15
351 15
112 15
538 15
393 15
461 15
340 15
630 15
404 15
818 15
311 15
257 15
381 15
747 15
117 15
5 15
638 15
134 15
207 15
287 15
715 15
497 15
450 15
379 15
564 15
76 15
959 15
45 15
352 15
496 15
760 15
762 15
962 15
482 15
411 15
205 15
611 15
88 15
86 15
989 15
884 15
780 15
15 15
460 15
501 15
334 15
223 15
810 15
391 15
915 15
635 15
56 15
891 15
468 15
133 15
464 15
837 15
578 15
342 15
9 15
336 15
644 15
184 15
177 15
583 15
699 15
428 15
188 15
365 15
29 15
295 15
745 15
634 15
365 15
529 15
51 15
139 15
732 15
932 15
580 15
397 15
729 15
37 15
973 15
293 15
68 15
106 15
931 15
375 15
48 15
872 15
12 15
833 15
62 15
839 15
95 15
179 15
790 15
724 15
866 15
189 15
689 15
332 15
516 15
413 15
266 15
768 15
186 15
667 15
818 15
857 15
151 15
315 15
363 15
521 15
517 15
239 15
652 15
556 15
32 15
742 15
275 15
833 15
401 15
45 15
530 15
17 15
833 15
32 15
952 15
754 15
99 15
990 15
343 15
136 15
932 15
718 15
974 15
393 15
830 15
977 15
700 15
459 15
360 15
605 15
517 15
597 15
833 15
883 15
746 15
279 15
315 15
31 15
424 15
382 15
861 15
378 15
723 15
992 15
449 15
669 15
44 15
760 15
500 15
275 15
373 15
519 15
651 15
915 15
45 15
823 15
899 15
97 15
542 15
293 15
169 15
336 15
820 15
835 15
768 15
903 15
96 15
183 15
520 15
909 15
659 15
971 15
932 15
498 15
350 15
57 15
652 15
691 15
230 15
315 15
865 15
569 15
765 15
549 15
239 15
23 15
835 15
184 15
668 15
167 15
300 15
291 15
567 15
704 15
882 15
560 15
916 15
941 15
27 15
200 15
275 15
661 15
686 15
372 15
352 15
394 15
703 15
609 15
14 15
968 15
442 15
495 15
645 15
933 15
716 15
582 15
491 15
935 15
181 15
149 15
158 15
966 15
529 15
233 15
854 15
439 15
645 15
199 15
449 15
762 15
447 15
870 15
585 15
634 15
383 15
404 15
464 15
414 15
10 15
59 15
27 15
840 15
933 15
335 15
876 15
377 15
854 15
255 15
74 15
302 15
493 15
485 15
948 15
100 15
698 15
140 15
866 15
636 15
465 15
829 15
68 15
42 15
336 15
926 15
244 15
496 15
577 15
784 15
190 15
522 15
682 15
267 15
600 15
486 15
482 15
448 15
92 15
498 15
390 15
530 15
402 15
513 15
618 15
426 15
138 15
787 15
107 15
910 15
72 15
640 15
488 15
622 15
88 15
529 15
185 15
362 15
105 15
196 15
672 15
507 15
670 15
74 15
956 15
797 15
559 15
94 15
213 15
637 15
910 15
780 15
362 15
133 15
870 15
971 15
397 15
401 15
462 15
424 15
240 15
701 15
658 15
777 15
776 15
133 15
66 15
123 15
975 15
752 15
324 15
913 15
377 15
354 15
773 15
458 15
61 15
989 15
893 15
596 15
363 15
139 15
985 15
635 15
148 15
611 15
737 15
464 15
948 15
653 15
705 15
232 15
612 15
804 15
253 15
490 15
708 15
15 15
558 15
564 15
158 15
395 15
105 15
531 15
159 15
41 15
775 15
365 15
142 15
615 15
535 15
670 15
246 15
918 15
846 15
818 15
321 15
968 15
25 15
669 15
642 15
499 15
938 15
429 15
180 15
359 15
174 15
960 15
81 15
584 15
7 15
280 15
418 15
359 15
77 15
103 15
734 15
83 15
695 15
577 15
190 15
184 15
399 15
781 15
532 15
530 15
644 15
7 15
180 15
336 15
993 15
149 15
147 15
727 15
986 15
500 15
580 15
402 15
655 15
790 15
306 15
91 15
345 15
362 15
791 15
417 15
810 15
185 15
706 15
957 15
561 15
912 15
63 15
643 15
859 15
263 15
121 15
282 15
189 15
269 15
211 15
511 15
693 15
901 15
996 15
909 15
128 15
873 15
408 15
985 15
134 15
169 15
835 15
797 15
146 15
536 15
320 15
459 15
973 15
292 15
704 15
379 15
146 15
752 15
758 15
83 15
173 15
135 15
272 15
131 15
893 15
103 15
632 15
178 15
696 15
280 15
224 15
520 15
622 15
968 15
331 15
800 15
877 15
860 15
984 15
817 15
131 15
308 15
258 15
867 15
91 15
156 15
667 15
473 15
998 15
891 15
599 15
974 15
651 15
138 15
340 15
872 15
201 15
98 15
872 15
756 15
8 15
178 15
115 15
788 15
160 15
324 15
651 15
60 15
482 15
147 15
446 15
573 15
818 15
172 15
153 15
355 15
710 15
637 15
519 15
410 15
464 15
446 15
494 15
912 15
823 15
739 15
60 15
790 15
244 15
787 15
79 15
472 15
392 15
48 15
721 15
167 15
515 15
323 15
930 15
696 15
887 15
779 15
847 15
323 15
643 15
226 15
57 15
425 15
643 15
733 15
401 15
698 15
365 15
685 15
879 15
251 15
351 15
478 15
889 15
937 15
955 15
892 15
848 15
468 15
940 15
189 15
207 15
899 15
747 15
928 15
485 15
0 15
570 15
807 15
890 15
655 15
569 15
259 15
581 15
880 15
727 15
461 15
340 15
775 15
600 15
892 15
77 15
796 15
829 15
696 15
97 15
460 15
866 15
946 15
513 15
828 15
0 15
222 15
600 15
85 15
555 15
206 15
943 15
696 15
477 15
780 15
584 15
230 15
297 15
251 15
355 15
117 15
372 15
459 15
484 15
3 15
54 15
231 15
941 15
720 15
847 15
301 15
263 15
44 15
236 15
537 15
476 15
234 15
752 15
358 15
904 15
840 15
303 15
562 15
606 15
748 15
550 15
421 15
535 15
420 15
486 15
222 15
565 15
18 15
864 15
138 15
253 15
330 15
786 15
586 15
963 15
2 15
775 15
271 15
327 15
917 15
885 15
869 15
406 15
259 15
384 15
97 15
268 15
137 15
836 15
705 15
228 15
544 15
760 15
366 15
450 15
149 15
989 15
672 15
847 15
325 15
333 15
791 15
868 15
354 15
577 15
737 15
370 15
342 15
811 15
741 15
246 15
562 15
522 15
474 15
994 15
220 15
324 15
540 15
214 15
908 15
150 15
789 15
14 15
281 15
198 15
204 15
397 15
220 15
98 15
197 15
375 15
960 15
593 15
797 15
556 15
629 15
647 15
823 15
880 15
184 15
678 15
160 15
895 15
408 15
775 15
68 15
462 15
128 15
424 15
715 15
581 15
716 15
672 15
819 15
920 15
258 15
390 15
586 15
461 15
422 15
448 15
569 15
175 15
777 15
887 15
592 15
265 15
503 15
838 15
314 15
895 15
28 15
540 15
326 15
582 15
755 15
15 15
614 15
572 15
395 15
441 15
816 15
866 15
750 15
399 15
535 15
222 15
78 15
835 15
277 15
28 15
598 15
291 15
415 15
765 15
371 15
146 15
333 15
816 15
382 15
573 15
964 15
420 15
391 15
800 15
746 15
752 15
734 15
591 15
182 15
153 15
745 15
521 15
281 15
291 15
734 15
878 15
541 15
691 15
171 15
297 15
512 15
368 15
498 15
664 15
829 15
602 15
146 15
576 15
671 15
611 15
972 15
614 15
819 15
491 15
515 15
464 15
145 15
167 15
30 15
442 15
358 15
185 15
118 15
341 15
602 15
323 15
399 15
514 15
105 15
796 15
453 15
212 15
184 15
301 15
995 15
90 15
333 15
157 15
915 15
36 15
579 15
736 15
965 15
365 15
961 15
7 15
678 15
215 15
198 15
417 15
887 15
181 15
220 15
464 15
838 15
841 15
326 15
38 15
638 15
902 15
142 15
805 15
958 15
79 15
447 15
270 15
448 15
366 15
612 15
609 15
744 15
105 15
284 15
203 15
591 15
55 15
955 15
806 15
483 15
225 15
406 15
546 15
620 15
907 15
634 15
817 15
830 15
721 15
969 15
824 15
806 15
247 15
746 15
802 15
435 15
608 15
212 15
879 15
307 15
288 15
303 15
49 15
935 15
245 15
199 15
47 15
708 15
784 15
389 15
482 15
158 15
330 15
956 15
876 15
842 15
193 15
341 15
81 15
929 15
834 15
240 15
566 15
173 15
456 15
375 15
14 15
89 15
858 15
584 15
700 15
569 15
811 15
896 15
858 15
946 15
339 15
15 15
223 15
368 15
291 15
995 15
32 15
603 15
62 15
908 15
389 15
301 15
578 15
553 15
868 15
115 15
870 15
286 15
763 15
349 15
966 15
947 15
518 15
339 15
953 15
202 15
305 15
301 15
100 15
468 15
264 15
159 15
983 15
88 15
242 15
328 15
421 15
745 15
19 15
678 15
681 15
891 15
512 15
376 15
515 15
682 15
670 15
672 15
466 15
199 15
484 15
570 15
652 15
288 15
87 15
733 15
497 15
979 15
235 15
76 15
302 15
55 15
446 15
177 15
805 15
47 15
353 15
560 15
697 15
355 15
913 15
132 15
247 15
540 15
2 15
840 15
8 15
460 15
474 15
676 15
195 15
656 15
547 15
481 15
655 15
308 15
706 15
523 15
742 15
985 15
821 15
706 15
677 15
557 15
234 15
317 15
937 15
983 15
482 15
940 15
611 15
765 15
4 15
640 15
636 15
380 15
478 15
89 15
756 15
499 15
646 15
411 15
915 15
996 15
62 15
486 15
810 15
249 15
118 15
97 15
332 15
735 15
244 15
475 15
399 15
937 15
750 15
397 15
815 15
516 15
768 15
7 15
137 15
138 15
497 15
133 15
356 15
278 15
32 15
358 15
291 15
523 15
444 15
114 15
128 15
440 15
264 15
125 15
178 15
772 15
853 15
371 15
631 15
314 15
274 15
210 15
237 15
713 15
191 15
255 15
667 15
443 15
327 15
366 15
596 15
784 15
828 15
17 15
307 15
990 15
804 15
44 15
858 15
575 15
569 15
291 15
220 15
319 15
174 15
313 15
531 15
585 15
997 15
390 15
923 15
861 15
69 15
779 15
502 15
328 15
313 15
613 15
553 15
311 15
36 15
972 15
707 15
889 15
152 15
544 15
285 15
449 15
502 15
487 15
917 15
309 15
400 15
428 15
829 15
166 15
259 15
551 15
752 15
380 15
504 15
237 15
477 15
589 15
296 15
908 15
691 15
57 15
751 15
381 15
981 15
229 15
50 15
727 15
551 15
234 15
419 15
484 15
430 15
970 15
891 15
562 15
407 15
839 15
95 15
96 15
93 15
872 15
859 15
698 15
622 15
136 15
482 15
748 15
199 15
220 15
960 15
63 15
403 15
729 15
647 15
898 15
667 15
544 15
181 15
472 15
39 15
664 15
255 15
330 15
234 15
262 15
702 15
850 15
100 15
90 15
896 15
27 15
266 15
521 15
618 15
775 15
384 15
211 15
793 15
943 15
510 15
849 15
504 15
185 15
8 15
397 15
395 15
17 15
391 15
813 15
250 15
118 15
869 15
589 15
737 15
367 15
214 15
408 15
796 15
738 15
713 15
947 15
840 15
777 15
566 15
478 15
733 15
274 15
938 15
16 15
199 15
314 15
30 15
918 15
724 15
557 15
934 15
823 15
112 15
372 15
125 15
935 15
107 15
531 15
925 15
254 15
380 15
918 15
12 15
892 15
280 15
919 15
810 15
652 15
731 15
647 15
799 15
850 15
390 15
735 15
818 15
722 15
545 15
257 15
907 15
679 15
200 15
392 15
314 15
500 15
929 15
952 15
425 15
986 15
342 15
76 15
476 15
623 15
366 15
3 15
873 15
655 15
6 15
765 15
58 15
722 15
860 15
63 15
216 15
914 15
548 15
705 15
545 15
95 15
187 15
345 15
18 15
424 15
889 15
910 15
639 15
256 15
188 15
394 15
39 15
107 15
543 15
220 15
853 15
436 15
817 15
930 15
81 15
540 15
66 15
856 15
574 15
825 15
888 15
591 15
676 15
561 15
488 15
501 15
205 15
513 15
337 15
868 15
621 15
726 15
290 15
202 15
378 15
447 15
627 15
277 15
963 15
789 15
240 15
136 15
181 15
536 15
186 15
351 15
417 15
664 15
440 15
219 15
137 15
565 15
988 15
978 15
577 15
651 15
960 15
998 15
378 15
125 15
422 15
872 15
425 15
381 15
71 15
225 15
359 15
37 15
419 15
317 15
994 15
37 15
823 15
316 15
48 15
17 15
229 15
790 15
395 15
990 15
997 15
187 15
328 15
9 15
329 15
420 15
850 15
149 15
967 15
929 15
467 15
135 15
63 15
624 15
995 15
783 15
212 15
759 15
353 15
373 15
384 15
870 15
262 15
646 15
127 15
124 15
169 15
690 15
142 15
988 15
413 15
123 15
700 15
259 15
238 15
771 15
838 15
513 15
306 15
458 15
913 15
266 15
933 15
811 15
896 15
464 15
493 15
66 15
366 15
143 15
77 15
149 15
973 15
964 15
100 15
228 15
533 15
995 15
589 15
910 15
640 15
532 15
673 15
841 15
58 15
232 15
752 15
590 15
102 15
70 15
943 15
135 15
923 15
52 15
788 15
741 15
533 15
92 15
309 15
778 15
32 15
798 15
262 15
944 15
272 15
292 15
816 15
60 15
907 15
182 15
575 15
251 15
88 15
193 15
780 15
375 15
1 15
390 15
162 15
765 15
324 15
325 15
772 15
967 15
696 15
565 15
347 15
457 15
258 15
881 15
253 15
562 15
950 15
648 15
568 15
65 15
411 15
504 15
39 15
97 15
999 15
368 15
515 15
59 15
682 15
737 15
651 15
598 15
727 15
201 15
590 15
390 15
13 15
364 15
541 15
910 15
596 15
142 15
966 15
659 15
858 15
977 15
515 15
30 15
549 15
792 15
976 15
621 15
115 15
102 15
619 15
392 15
213 15
182 15
399 15
811 15
34 15
64 15
497 15
733 15
839 15
836 15
163 15
187 15
485 15
582 15
926 15
801 15
35 15
182 15
962 15
750 15
10 15
250 15
665 15
691 15
184 15
83 15
778 15
241 15
307 15
49 15
698 15
212 15
407 15
116 15
532 15
927 15
699 15
712 15
537 15
965 15
398 15
491 15
867 15
745 15
567 15
959 15
739 15
91 15
330 15
447 15
218 15
920 15
870 15
799 15
477 15
68 15
859 15
836 15
937 15
615 15
33 15
741 15
142 15
321 15
915 15
45 15
961 15
451 15
163 15
182 15
561 15
164 15
863 15
828 15
218 15
4 15
121 15
483 15
128 15
673 15
388 15
653 15
995 15
699 15
90 15
604 15
905 15
822 15
794 15
321 15
50 15
748 15
959 15
406 15
93 15
852 15
228 15
974 15
583 15
363 15
820 15
895 15
787 15
573 15
54 15
617 15
29 15
544 15
405 15
382 15
201 15
654 15
853 15
318 15
761 15
13 15
689 15
429 15
11 15
412 15
938 15
211 15
136 15
380 15
434 15
153 15
121 15
40 15
367 15
563 15
341 15
587 15
306 15
798 15
821 15
541 15
599 15
455 15
920 15
425 15
504 15
341 15
306 15
574 15
858 15
876 15
111 15
240 15
888 15
231 15
622 15
522 15
806 15
417 15
568 15
355 15
478 15
448 15
16 15
370 15
102 15
63 15
676 15
207 15
587 15
23 15
442 15
695 15
103 15
681 15
878 15
179 15
765 15
98 15
831 15
758 15
525 15
715 15
250 15
529 15
611 15
412 15
5 15
213 15
82 15
501 15
830 15
629 15
30 15
897 15
308 15
5 15
735 15
839 15
603 15
506 15
34 15
78 15
765 15
40 15
505 15
772 15
324 15
890 15
538 15
515 15
732 15
809 15
957 15
889 15
373 15
588 15
894 15
570 15
158 15
241 15
491 15
900 15
821 15
517 15
320 15
151 15
243 15
389 15
446 15
847 15
396 15
274 15
858 15
255 15
316 15
795 15
641 15
476 15
109 15
1 15
161 15
75 15
821 15
652 15
35 15
624 15
964 15
149 15
557 15
212 15
44 15
512 15
20 15
738 15
289 15
121 15
62 15
710 15
136 15
247 15
69 15
106 15
411 15
985 15
0 15
759 15
578 15
620 15
923 15
180 15
134 15
750 15
887 15
318 15
118 15
10 15
701 15
276 15
589 15
376 15
299 15
966 15
635 15
840 15
881 15
194 15
511 15
99 15
557 15
378 15
62 15
935 15
802 15
117 15
493 15
197 15
255 15
160 15
163 15
824 15
404 15
377 15
546 15
211 15
960 15
728 15
684 15
728 15
766 15
27 15
537 15
1 15
133 15
412 15
238 15
53 15
118 15
529 15
986 15
89 15
433 15
327 15
347 15
599 15
512 15
876 15
486 15
464 15
213 15
872 15
51 15
954 15
607 15
303 15
502 15
790 15
15 15
534 15
273 15
584 15
898 15
719 15
439 15
940 15
815 15
218 15
587 15
642 15
192 15
842 15
199 15
837 15
525 15
394 15
490 15
341 15
35 15
2 15
225 15
879 15
188 15
778 15
445 15
134 15
153 15
25 15
213 15
25 15
474 15
554 15
474 15
897 15
725 15
92 15
16 15
988 15
853 15
493 15
789 15
419 15
322 15
786 15
930 15
852 15
462 15
869 15
78 15
533 15
136 15
228 15
338 15
430 15
857 15
922 15
463 15
673 15
796 15
652 15
852 15
81 15
195 15
794 15
963 15
316 15
124 15
159 15
403 15
815 15
754 15
567 15
928 15
948 15
808 15
645 15
38 15
122 15
32 15
230 15
733 15
82 15
450 15
421 15
766 15
217 15
592 15
668 15
972 15
119 15
558 15
100 15
854 15
442 15
183 15
601 15
705 15
120 15
442 15
324 15
10 15
863 15
372 15
390 15
288 15
619 15
647 15
734 15
208 15
179 15
847 15
600 15
314 15
912 15
685 15
899 15
849 15
364 15
789 15
436 15
24 15
882 15
618 15
276 15
856 15
920 15
314 15
867 15
102 15
934 15
316 15
295 15
249 15
906 15
317 15
69 15
113 15
209 15
881 15
875 15
587 15
403 15
367 15
967 15
289 15
388 15
806 15
808 15
134 15
267 15
363 15
151 15
791 15
481 15
357 15
713 15
13 15
647 15
295 15
36 15
95 15
12 15
308 15
35 15
925 15
674 15
938 15
672 15
399 15
100 15
772 15
349 15
964 15
614 15
587 15
431 15
958 15
601 15
231 15
40 15
290 15
2 15
776 15
24 15
925 15
469 15
345 15
486 15
322 15
27 15
708 15
912 15
729 15
589 15
792 15
565 15
897 15
212 15
902 15
51 15
222 15
903 15
548 15
475 15
726 15
144 15
144 15
333 15
413 15
603 15
319 15
88 15
312 15
604 15
222 15
642 15
998 15
700 15
60 15
713 15
139 15
192 15
35 15
980 15
902 15
846 15
707 15
209 15
642 15
180 15
103 15
755 15
42 15
159 15
475 15
303 15
61 15
365 15
714 15
99 15
242 15
799 15
95 15
724 15
261 15
215 15
169 15
691 15
550 15
794 15
618 15
500 15
755 15
193 15
552 15
354 15
780 15
898 15
618 15
762 15
28 15
118 15
167 15
370 15
303 15
103 15
943 15
46 15
943 15
640 15
789 15
47 15
209 15
337 15
444 15
696 15
756 15
261 15
135 15
199 15
865 15
649 15
341 15
11 15
894 15
572 15
137 15
360 15
549 15
982 15
536 15
445 15
282 15
662 15
939 15
606 15
545 15
724 15
804 15
523 15
886 15
567 15
157 15
308 15
86 15
715 15
27 15
935 15
650 15
283 15
730 15
432 15
764 15
992 15
819 15
987 15
361 15
251 15
760 15
145 15
191 15
893 15
393 15
197 15
472 15
184 15
862 15
42 15
981 15
72 15
244 15
387 15
70 15
860 15
389 15
6 15
869 15
580 15
816 15
966 15
402 15
206 15
543 15
491 15
121 15
8 15
863 15
600 15
272 15
644 15
611 15
457 15
484 15
395 15
393 15
463 15
940 15
159 15
686 15
842 15
61 15
402 15
461 15
666 15
476 15
532 15
938 15
673 15
34 15
429 15
253 15
8 15
393 15
656 15
418 15
661 15
645 15
967 15
830 15
782 15
846 15
9 15
900 15
517 15
434 15
941 15
845 15
135 15
295 15
777 15
421 15
266 15
622 15
244 15
266 15
843 15
155 15
140 15
872 15
802 15
233 15
388 15
88 15
914 15
530 15
270 15
255 15
881 15
492 15
817 15
786 15
56 15
840 15
967 15
703 15
695 15
228 15
174 15
687 15
113 15
95 15
569 15
384 15
551 15
428 15
978 15
679 15
795 15
504 15
542 15
811 15
339 15
326 15
556 15
476 15
928 15
850 15
804 15
633 15
739 15
139 15
929 15
633 15
251 15
185 15
394 15
26 15
237 15
261 15
874 15
94 15
192 15
712 15
282 15
267 15
587 15
420 15
808 15
977 15
374 15
614 15
87 15
686 15
322 15
557 15
586 15
405 15
926 15
5 15
582 15
310 15
399 15
276 15
419 15
535 15
842 15
678 15
46 15
895 15
305 15
811 15
38 15
355 15
401 15
413 15
889 15
402 15
620 15
176 15
283 15
667 15
87 15
698 15
83 15
982 15
450 15
771 15
9 15
800 15
999 15
150 15
343 15
944 15
177 15
428 15
612 15
838 15
995 15
946 15
807 15
611 15
609 15
953 15
622 15
420 15
535 15
643 15
554 15
872 15
445 15
85 15
463 15
865 15
131 15
576 15
861 15
631 15
503 15
954 15
510 15
480 15
648 15
17 15
133 15
996 15
109 15
648 15
783 15
420 15
527 15
98 15
609 15
986 15
592 15
594 15
901 15
436 15
975 15
269 15
962 15
594 15
626 15
616 15
334 15
951 15
278 15
475 15
891 15
333 15
941 15
639 15
4 15
913 15
724 15
387 15
531 15
501 15
280 15
762 15
232 15
756 15
933 15
241 15
439 15
608 15
723 15
292 15
31 15
407 15
109 15
160 15
307 15
948 15
159 15
107 15
174 15
682 15
595 15
24 15
904 15
236 15
752 15
278 15
535 15
471 15
448 15
96 15
388 15
129 15
621 15
407 15
620 15
178 15
263 15
812 15
207 15
208 15
884 15
290 15
208 15
562 15
684 15
895 15
834 15
194 15
448 15
852 15
563 15
173 15
895 15
890 15
831 15
207 15
836 15
364 15
348 15
775 15
600 15
443 15
149 15
890 15
287 15
484 15
590 15
803 15
122 15
110 15
155 15
664 15
624 15
640 15
213 15
128 15
417 15
863 15
386 15
680 15
953 15
213 15
344 15
340 15
86 15
445 15
278 15
299 15
582 15
987 15
54 15
244 15
951 15
81 15
267 15
653 15
156 15
819 15
235 15
882 15
529 15
68 15
81 15
898 15
452 15
194 15
442 15
765 15
584 15
620 15
265 15
17 15
223 15
812 15
481 15
28 15
235 15
263 15
519 15
452 15
569 15
496 15
458 15
330 15
466 15
357 15
424 15
13 15
136 15
906 15
494 15
403 15
833 15
521 15
691 15
138 15
635 15
380 15
490 15
461 15
812 15
801 15
42 15
330 15
765 15
859 15
859 15
720 15
667 15
265 15
95 15
798 15
393 15
368 15
827 15
774 15
853 15
196 15
985 15
744 15
653 15
772 15
524 15
595 15
846 15
642 15
582 15
430 15
105 15
90 15
169 15
141 15
915 15
834 15
680 15
7 15
839 15
376 15
145 15
700 15
713 15
490 15
155 15
852 15
42 15
749 15
934 15
75 15
771 15
321 15
250 15
824 15
720 15
52 15
687 15
269 15
83 15
59 15
302 15
256 15
458 15
520 15
724 15
216 15
510 15
372 15
617 15
412 15
849 15
573 15
728 15
149 15
779 15
963 15
869 15
11 15
744 15
461 15
429 15
285 15
689 15
313 15
807 15
882 15
6 15
552 15
534 15
349 15
878 15
615 15
215 15
14 15
874 15
954 15
774 15
426 15
396 15
763 15
791 15
324 15
63 15
640 15
883 15
981 15
723 15
787 15
842 15
527 15
479 15
18 15
47 15
888 15
507 15
527 15
172 15
386 15
890 15
354 15
858 15
367 15
888 15
803 15
733 15
1 15
910 15
612 15
571 15
160 15
55 15
778 15
399 15
764 15
357 15
804 15
550 15
682 15
429 15
979 15
109 15
788 15
908 15
762 15
429 15
425 15
180 15
440 15
173 15
780 15
936 15
128 15
50 15
440 15
80 15
74 15
180 15
800 15
432 15
34 15
632 15
596 15
915 15
605 15
782 15
768 15
160 15
516 15
46 15
119 15
750 15
642 15
132 15
542 15
18 15
599 15
845 15
723 15
297 15
39 15
85 15
75 15
532 15
333 15
631 15
82 15
672 15
304 15
560 15
38 15
262 15
880 15
160 15
669 15
398 15
690 15
142 15
492 15
418 15
494 15
791 15
409 15
650 15
418 15
266 15
256 15
669 15
375 15
419 15
170 15
766 15
513 15
810 15
684 15
114 15
453 15
623 15
580 15
980 15
362 15
941 15
262 15
363 15
730 15
424 15
212 15
706 15
482 15
700 15
692 15
601 15
765 15
155 15
819 15
117 15
679 15
875 15
183 15
377 15
389 15
410 15
75 15
102 15
818 15
742 15
819 15
391 15
3 15
101 15
415 15
994 15
420 15
518 15
781 15
443 15
668 15
459 15
991 15
3 15
227 15
676 15
923 15
240 15
165 15
904 15
609 15
402 15
14 15
738 15
911 15
346 15
836 15
550 15
640 15
478 15
708 15
743 15
428 15
557 15
157 15
334 15
553 15
540 15
721 15
649 15
959 15
994 15
498 15
429 15
433 15
559 15
345 15
761 15
542 15
747 15
473 15
474 15
263 15
622 15
731 15
988 15
804 15
276 15
866 15
484 15
32 15
130 15
950 15
687 15
475 15
626 15
790 15
61 15
909 15
782 15
630 15
968 15
199 15
205 15
336 15
315 15
662 15
47 15
863 15
961 15
73 15
71 15
607 15
956 15
122 15
908 15
369 15
398 15
153 15
419 15
146 15
855 15
476 15
653 15
410 15
635 15
499 15
873 15
442 15
351 15
599 15
70 15
302 15
128 15
259 15
846 15
611 15
257 15
706 15
826 15
858 15
31 15
248 15
438 15
322 15
34 15
941 15
49 15
876 15
730 15
108 15
580 15
992 15
259 15
626 15
828 15
669 15
175 15
537 15
806 15
109 15
247 15
972 15
942 15
638 15
861 15
653 15
499 15
181 15
873 15
650 15
234 15
758 15
582 15
782 15
422 15
734 15
161 15
148 15
145 15
793 15
669 15
551 15
490 15
415 15
901 15
716 15
331 15
402 15
567 15
81 15
421 15
947 15
105 15
655 15
362 15
690 15
476 15
226 15
991 15
475 15
481 15
553 15
756 15
77 15
844 15
401 15
554 15
479 15
36 15
844 15
344 15
748 15
347 15
575 15
945 15
789 15
832 15
113 15
213 15
109 15
287 15
47 15
50 15
752 15
202 15
740 15
352 15
812 15
622 15
518 15
174 15
618 15
621 15
188 15
44 15
598 15
267 15
243 15
206 15
505 15
975 15
384 15
593 15
16 15
336 15
199 15
909 15
669 15
233 15
410 15
31 15
195 15
907 15
838 15
906 15
56 15
789 15
447 15
137 15
331 15
330 15
52 15
324 15
276 15
736 15
317 15
21 15
451 15
608 15
353 15
726 15
40 15
47 15
412 15
936 15
338 15
464 15
629 15
378 15
179 15
459 15
685 15
981 15
632 15
78 15
771 15
384 15
295 15
239 15
869 15
4 15
777 15
939 15
313 15
822 15
574 15
38 15
498 15
556 15
760 15
855 15
718 15
782 15
304 15
223 15
884 15
955 15
149 15
335 15
811 15
325 15
371 15
19 15
429 15
442 15
215 15
854 15
130 15
895 15
353 15
3 15
321 15
587 15
698 15
485 15
993 15
102 15
765 15
876 15
238 15
636 15
786 15
461 15
280 15
18 15
101 15
820 15
965 15
156 15
126 15
968 15
478 15
824 15
89 15
836 15
94 15
123 15
869 15
758 15
639 15
461 15
362 15
829 15
463 15
883 15
155 15
876 15
688 15
594 15
387 15
173 15
158 15
227 15
325 15
644 15
249 15
919 15
635 15
897 15
194 15
976 15
328 15
793 15
602 15
841 15
457 15
442 15
733 15
963 15
541 15
897 15
678 15
237 15
694 15
962 15
804 15
112 15
728 15
387 15
458 15
980 15
134 15
245 15
325 15
795 15
668 15
184 15
46 15
576 15
374 15
131 15
767 15
618 15
472 15
516 15
514 15
139 15
759 15
938 15
725 15
399 15
980 15
124 15
802 15
452 15
801 15
853 15
211 15
165 15
748 15
783 15
130 15
986 15
424 15
57 15
831 15
296 15
355 15
287 15
139 15
721 15
731 15
221 15
328 15
743 15
745 15
351 15
203 15
34 15
575 15
639 15
66 15
571 15
269 15
180 15
952 15
220 15
895 15
843 15
848 15
335 15
211 15
277 15
174 15
840 15
927 15
373 15
248 15
479 15
599 15
44 15
555 15
718 15
140 15
659 15
986 15
163 15
808 15
948 15
273 15
498 15
29 15
13 15
41 15
243 15
653 15
107 15
428 15
531 15
181 15
647 15
375 15
33 15
507 15
239 15
72 15
424 15
622 15
460 15
973 15
220 15
92 15
858 15
595 15
59 15
662 15
626 15
728 15
33 15
520 15
912 15
24 15
935 15
701 15
321 15
804 15
186 15
136 15
78 15
554 15
348 15
925 15
405 15
741 15
201 15
821 15
810 15
100 15
239 15
384 15
410 15
448 15
362 15
245 15
879 15
31 15
468 15
573 15
357 15
583 15
182 15
614 15
263 15
308 15
310 15
59 15
359 15
297 15
701 15
297 15
841 15
701 15
939 15
436 15
834 15
701 15
648 15
423 15
778 15
424 15
514 15
411 15
827 15
336 15
479 15
407 15
981 15
931 15
974 15
182 15
584 15
9 15
622 15
206 15
661 15
688 15
170 15
500 15
18 15
772 15
63 15
588 15
96 15
242 15
676 15
766 15
401 15
59 15
37 15
861 15
427 15
126 15
716 15
938 15
892 15
798 15
948 15
453 15
818 15
491 15
475 15
987 15
152 15
388 15
564 15
83 15
214 15
82 15
38 15
258 15
782 15
55 15
109 15
270 15
974 15
789 15
3 15
840 15
551 15
692 15
194 15
90 15
417 15
619 15
568 15
432 15
921 15
440 15
16 15
876 15
64 15
434 15
985 15
9 15
57 15
499 15
677 15
481 15
470 15
220 15
872 15
818 15
391 15
264 15
987 15
699 15
913 15
490 15
524 15
788 15
191 15
51 15
364 15
227 15
688 15
99 15
173 15
619 15
764 15
473 15
645 15
23 15
84 15
14 15
11 15
221 15
845 15
635 15
957 15
509 15
105 15
314 15
939 15
416 15
498 15
362 15
564 15
846 15
516 15
965 15
20 15
175 15
398 15
988 15
262 15
763 15
452 15
858 15
924 15
158 15
764 15
13 15
168 15
651 15
498 15
745 15
965 15
89 15
611 15
814 15
431 15
891 15
794 15
10 15
300 15
873 15
547 15
930 15
133 15
115 15
514 15
465 15
877 15
78 15
919 15
523 15
782 15
575 15
632 15
51 15
242 15
789 15
18 15
961 15
676 15
35 15
646 15
223 15
419 15
819 15
636 15
338 15
184 15
950 15
967 15
942 15
765 15
167 15
477 15
202 15
826 15
559 15
776 15
99 15
749 15
235 15
598 15
117 15
77 15
987 15
210 15
28 15
340 15
260 15
972 15
880 15
150 15
116 15
532 15
846 15
626 15
165 15
286 15
867 15
396 15
898 15
962 15
475 15
812 15
807 15
820 15
784 15
791 15
574 15
355 15
39 15
975 15
340 15
951 15
997 15
954 15
866 15
476 15
111 15
908 15
366 15
782 15
646 15
794 15
370 15
552 15
144 15
940 15
540 15
492 15
115 15
334 15
29 15
369 15
45 15
972 15
886 15
508 15
744 15
911 15
51 15
933 15
609 15
880 15
819 15
664 15
695 15
815 15
592 15
323 15
480 15
496 15
353 15
418 15
983 15
643 15
176 15
941 15
26 15
215 15
101 15
539 15
320 15
675 15
968 15
894 15
792 15
120 15
870 15
722 15
860 15
46 15
251 15
963 15
781 15
242 15
110 15
234 15
119 15
729 15
2 15
851 15
85 15
691 15
88 15
783 15
288 15
846 15
746 15
233 15
800 15
686 15
307 15
854 15
797 15
55 15
362 15
878 15
335 15
599 15
437 15
674 15
666 15
466 15
297 15
201 15
422 15
586 15
944 15
435 15
354 15
595 15
500 15
657 15
72 15
161 15
415 15
382 15
44 15
103 15
141 15
614 15
286 15
533 15
633 15
986 15
311 15
837 15
684 15
509 15
192 15
690 15
741 15
95 15
341 15
389 15
42 15
987 15
433 15
941 15
364 15
846 15
939 15
242 15
497 15
439 15
14 15
391 15
802 15
77 15
599 15
425 15
365 15
538 15
303 15
936 15
997 15
882 15
552 15
410 15
301 15
47 15
853 15
710 15
492 15
589 15
642 15
891 15
921 15
221 15
802 15
174 15
536 15
272 15
823 15
218 15
781 15
402 15
763 15
271 15
885 15
800 15
758 15
281 15
845 15
511 15
121 15
452 15
626 15
819 15
542 15
457 15
302 15
624 15
819 15
864 15
180 15
577 15
795 15
106 15
627 15
970 15
492 15
41 15
967 15
292 15
848 15
158 15
341 15
509 15
875 15
151 15
12 15
226 15
27 15
19 15
233 15
506 15
222 15
587 15
811 15
631 15
141 15
703 15
534 15
940 15
629 15
930 15
395 15
102 15
374 15
188 15
196 15
704 15
141 15
218 15
708 15
215 15
972 15
443 15
341 15
830 15
538 15
273 15
203 15
183 15
981 15
658 15
294 15
71 15
218 15
699 15
238 15
77 15
831 15
928 15
455 15
591 15
89 15
738 15
531 15
640 15
79 15
173 15
798 15
226 15
455 15
693 15
213 15
532 15
438 15
5 15
440 15
552 15
955 15
731 15
295 15
548 15
269 15
611 15
520 15
762 15
195 15
327 15
598 15
366 15
562 15
512 15
541 15
700 15
617 15
875 15
474 15
308 15
608 15
11 15
528 15
347 15
607 15
679 15
925 15
351 15
371 15
551 15
563 15
974 15
883 15
920 15
850 15
44 15
49 15
490 15
74 15
647 15
603 15
315 15
951 15
128 15
913 15
10 15
469 15
961 15
130 15
409 15
547 15
533 15
391 15
128 15
180 15
24 15
329 15
514 15
232 15
629 15
454 15
590 15
713 15
582 15
734 15
989 15
609 15
123 15
876 15
826 15
465 15
874 15
479 15
611 15
388 15
431 15
25 15
683 15
483 15
200 15
119 15
865 15
913 15
424 15
399 15
880 15
454 15
654 15
760 15
460 15
801 15
209 15
915 15
38 15
703 15
386 15
423 15
548 15
352 15
694 15
194 15
360 15
360 15
383 15
211 15
555 15
667 15
286 15
276 15
574 15
954 15
302 15
374 15
429 15
66 15
840 15
412 15
73 15
787 15
759 15
594 15
296 15
166 15
479 15
878 15
458 15
704 15
943 15
732 15
379 15
355 15
928 15
295 15
0 15
556 15
681 15
331 15
552 15
847 15
625 15
472 15
488 15
774 15
192 15
545 15
715 15
649 15
625 15
243 15
821 15
783 15
320 15
25 15
106 15
802 15
540 15
500 15
407 15
769 15
458 15
575 15
692 15
151 15
86 15
984 15
349 15
608 15
526 15
915 15
116 15
972 15
349 15
441 15
277 15
236 15
688 15
357 15
582 15
18 15
192 15
535 15
784 15
277 15
253 15
242 15
166 15
457 15
876 15
472 15
481 15
45 15
797 15
269 15
205 15
46 15
603 15
952 15
444 15
913 15
664 15
190 15
829 15
38 15
197 15
137 15
153 15
448 15
19 15
366 15
738 15
360 15
801 15
228 15
391 15
762 15
530 15
832 15
184 15
919 15
242 15
774 15
339 15
737 15
301 15
465 15
841 15
429 15
492 15
564 15
873 15
691 15
133 15
217 15
30 15
537 15
989 15
854 15
479 15
829 15
741 15
896 15
699 15
921 15
358 15
711 15
782 15
273 15
43 15
673 15
717 15
384 15
706 15
922 15
138 15
760 15
742 15
785 15
60 15
945 15
116 15
54 15
103 15
585 15
503 15
776 15
755 15
641 15
746 15
483 15
884 15
960 15
946 15
398 15
5 15
600 15
510 15
226 15
97 15
158 15
571 15
623 15
456 15
672 15
312 15
41 15
714 15
903 15
539 15
7 15
227 15
156 15
927 15
972 15
27 15
703 15
851 15
158 15
600 15
314 15
879 15
164 15
147 15
692 15
893 15
765 15
668 15
361 15
186 15
620 15
75 15
847 15
976 15
391 15
340 15
579 15
193 15
262 15
342 15
90 15
130 15
424 15
840 15
564 15
114 15
257 15
232 15
218 15
621 15
745 15
306 15
304 15
801 15
230 15
817 15
318 15
452 15
881 15
821 15
904 15
912 15
982 15
705 15
549 15
308 15
757 15
783 15
485 15
249 15
541 15
195 15
980 15
422 15
288 15
401 15
387 15
136 15
506 15
436 15
981 15
505 15
723 15
67 15
527 15
955 15
884 15
138 15
465 15
610 15
534 15
187 15
961 15
459 15
694 15
294 15
967 15
853 15
540 15
532 15
450 15
979 15
787 15
132 15
673 15
866 15
883 15
305 15
775 15
597 15
354 15
584 15
125 15
571 15
777 15
713 15
627 15
138 15
882 15
225 15
122 15
682 15
287 15
514 15
40 15
256 15
422 15
72 15
222 15
213 15
690 15
128 15
159 15
587 15
419 15
431 15
566 15
28 15
228 15
260 15
890 15
6 15
565 15
531 15
438 15
703 15
383 15
239 15
873 15
665 15
781 15
739 15
316 15
113 15
586 15
774 15
497 15
314 15
701 15
321 15
505 15
553 15
129 15
461 15
110 15
533 15
57 15
382 15
255 15
598 15
168 15
382 15
482 15
503 15
295 15
263 15
427 15
400 15
240 15
265 15
635 15
180 15
167 15
748 15
460 15
508 15
873 15
731 15
760 15
278 15
220 15
637 15
938 15
422 15
62 15
281 15
308 15
6 15
233 15
165 15
127 15
613 15
739 15
979 15
865 15
730 15
189 15
577 15
49 15
188 15
329 15
219 15
798 15
592 15
126 15
663 15
997 15
901 15
777 15
109 15
585 15
975 15
353 15
537 15
157 15
318 15
868 15
335 15
381 15
602 15
992 15
17 15
227 15
581 15
217 15
791 15
205 15
605 15
761 15
436 15
643 15
213 15
863 15
778 15
750 15
904 15
854 15
257 15
476 15
617 15
13 15
705 15
57 15
865 15
391 15
721 15
711 15
830 15
753 15
979 15
421 15
460 15
809 15
966 15
934 15
994 15
206 15
31 15
745 15
228 15
322 15
125 15
662 15
33 15
379 15
808 15
120 15
104 15
857 15
230 15
165 15
828 15
467 15
225 15
266 15
697 15
362 15
984 15
979 15
529 15
95 15
201 15
145 15
960 15
288 15
440 15
29 15
456 15
237 15
230 15
40 15
874 15
121 15
608 15
13 15
418 15
220 15
627 15
926 15
949 15
901 15
377 15
795 15
938 15
581 15
131 15
497 15
930 15
863 15
604 15
750 15
789 15
443 15
277 15
123 15
395 15
754 15
810 15
867 15
603 15
875 15
536 15
144 15
947 15
340 15
809 15
661 15
109 15
844 15
166 15
829 15
43 15
293 15
71 15
906 15
503 15
168 15
962 15
330 15
977 15
169 15
198 15
780 15
229 15
377 15
491 15
225 15
624 15
41 15
385 15
349 15
231 15
740 15
465 15
900 15
900 15
62 15
563 15
617 15
942 15
177 15
988 15
554 15
812 15
102 15
820 15
207 15
606 15
400 15
202 15
9 15
601 15
660 15
941 15
656 15
620 15
140 15
728 15
349 15
115 15
300 15
576 15
534 15
864 15
812 15
397 15
728 15
816 15
27 15
675 15
302 15
105 15
909 15
332 15
647 15
487 15
883 15
491 15
590 15
957 15
48 15
687 15
971 15
614 15
580 15
371 15
183 15
424 15
906 15
238 15
260 15
377 15
692 15
460 15
107 15
937 15
118 15
344 15
759 15
724 15
376 15
812 15
407 15
234 15
12 15
639 15
121 15
373 15
224 15
25 15
922 15
327 15
262 15
254 15
986 15
325 15
998 15
965 15
940 15
75 15
213 15
875 15
899 15
421 15
647 15
569 15
599 15
720 15
407 15
295 15
743 15
755 15
576 15
507 15
553 15
285 15
972 15
714 15
133 15
324 15
801 15
810 15
624 15
343 15
348 15
226 15
579 15
801 15
269 15
422 15
547 15
723 15
634 15
850 15
12 15
564 15
471 15
130 15
887 15
439 15
499 15
829 15
75 15
89 15
823 15
364 15
615 15
190 15
871 15
482 15
837 15
616 15
659 15
785 15
835 15
994 15
391 15
86 15
595 15
775 15
237 15
835 15
106 15
194 15
853 15
16 15
269 15
201 15
515 15
484 15
671 15
371 15
566 15
533 15
359 15
803 15
497 15
522 15
198 15
105 15
850 15
194 15
231 15
547 15
0 15
675 15
719 15
301 15
114 15
808 15
332 15
362 15
939 15
40 15
450 15
877 15
489 15
207 15
168 15
89 15
876 15
483 15
226 15
209 15
444 15
61 15
743 15
148 15
35 15
642 15
666 15
569 15
121 15
118 15
574 15
684 15
447 15
188 15
898 15
346 15
339 15
139 15
356 15
478 15
802 15
552 15
178 15
128 15
227 15
220 15
139 15
543 15
424 15
347 15
564 15
795 15
984 15
209 15
375 15
921 15
448 15
88 15
614 15
316 15
648 15
970 15
797 15
292 15
449 15
47 15
477 15
774 15
388 15
772 15
405 15
312 15
646 15
576 15
131 15
183 15
688 15
852 15
361 15
383 15
178 15
335 15
386 15
310 15
679 15
875 15
803 15
189 15
908 15
23 15
534 15
860 15
386 15
898 15
554 15
721 15
748 15
937 15
159 15
405 15
330 15
117 15
333 15
955 15
67 15
