884 16
470 16
325 16
200 16
174 16
774 16
821 16
164 16
128 16
878 16
409 16
327 16
892 16
833 16
640 16
431 16
38 16
55 16
553 16
982 16
115 16
424 16
192 16
881 16
451 16
310 16
267 16
365 16
885 16
423 16
818 16
358 16
298 16
14 16
501 16
157 16
489 16
397 16
175 16
933 16
730 16
385 16
504 16
386 16
270 16
306 16
265 16
158 16
211 16
342 16
560 16
537 16
998 16
433 16
28 16
445 16
505 16
914 16
730 16
740 16
684 16
685 16
621 16
142 16
863 16
856 16
277 16
402 16
46 16
597 16
966 16
32 16
45 16
827 16
537 16
649 16
194 16
545 16
447 16
884 16
619 16
849 16
74 16
190 16
660 16
340 16
942 16
413 16
587 16
775 16
676 16
521 16
943 16
506 16
576 16
976 16
786 16
921 16
768 16
796 16
95 16
329 16
109 16
123 16
798 16
792 16
934 16
250 16
917 16
1 16
55 16
143 16
409 16
187 16
889 16
410 16
122 16
214 16
427 16
742 16
948 16
249 16
862 16
50 16
289 16
394 16
734 16
199 16
844 16
179 16
636 16
214 16
49 16
445 16
568 16
992 16
369 16
700 16
684 16
80 16
65 16
847 16
548 16
760 16
577 16
514 16
625 16
223 16
338 16
122 16
933 16
212 16
537 16
988 16
601 16
50 16
416 16
594 16
35 16
112 16
924 16
267 16
91 16
812 16
329 16
974 16
755 16
955 16
985 16
795 16
287 16
495 16
971 16
158 16
954 16
446 16
960 16
681 16
600 16
707 16
545 16
660 16
42 16
899 16
205 16
700 16
428 16
542 16
159 16
213 16
131 16
519 16
627 16
693 16
218 16
962 16
137 16
935 16
459 16
570 16
402 16
305 16
418 16
676 16
88 16
210 16
109 16
75 16
634 16
963 16
48 16
592 16
812 16
577 16
774 16
518 16
429 16
580 16
922 16
224 16
834 16
24 16
202 16
464 16
808 16
125 16
965 16
684 16
822 16
109 16
923 16
998 16
417 16
17 16
779 16
353 16
626 16
824 16
282 16
524 16
842 16
5 16
287 16
44 16
773 16
428 16
76 16
930 16
604 16
426 16
918 16
589 16
269 16
222 16
141 16
886 16
405 16
47 16
279 16
583 16
277 16
99 16
511 16
470 16
106 16
561 16
484 16
956 16
454 16
467 16
4 16
372 16
629 16
524 16
983 16
18 16
634 16
570 16
583 16
698 16
967 16
360 16
765 16
674 16
851 16
507 16
839 16
613 16
86 16
127 16
381 16
205 16
104 16
53 16
764 16
740 16
120 16
915 16
162 16
767 16
385 16
56 16
343 16
152 16
350 16
450 16
180 16
622 16
885 16
590 16
966 16
515 16
682 16
595 16
83 16
554 16
458 16
940 16
549 16
19 16
328 16
840 16
772 16
204 16
237 16
864 16
797 16
53 16
600 16
108 16
128 16
448 16
29 16
514 16
976 16
356 16
297 16
76 16
212 16
821 16
52 16
373 16
650 16
201 16
367 16
976 16
387 16
873 16
861 16
892 16
178 16
602 16
982 16
936 16
781 16
47 16
79 16
839 16
38 16
293 16
381 16
664 16
268 16
626 16
863 16
437 16
50 16
747 16
92 16
526 16
473 16
841 16
506 16
138 16
913 16
287 16
981 16
329 16
570 16
539 16
848 16
184 16
122 16
70 16
62 16
433 16
807 16
810 16
577 16
503 16
659 16
151 16
748 16
827 16
104 16
146 16
28 16
758 16
609 16
730 16
832 16
804 16
440 16
168 16
490 16
985 16
870 16
586 16
782 16
659 16
373 16
44 16
695 16
131 16
89 16
221 16
65 16
705 16
85 16
353 16
585 16
699 16
345 16
136 16
144 16
73 16
57 16
146 16
758 16
216 16
49 16
485 16
836 16
2 16
141 16
941 16
386 16
711 16
13 16
270 16
823 16
666 16
286 16
529 16
942 16
257 16
643 16
497 16
173 16
682 16
146 16
521 16
202 16
399 16
403 16
20 16
710 16
974 16
467 16
928 16
667 16
240 16
79 16
823 16
74 16
324 16
628 16
940 16
772 16
959 16
171 16
895 16
707 16
825 16
337 16
356 16
705 16
623 16
741 16
814 16
334 16
961 16
523 16
948 16
351 16
648 16
269 16
54 16
609 16
886 16
577 16
870 16
710 16
113 16
822 16
853 16
734 16
901 16
736 16
385 16
86 16
165 16
547 16
104 16
982 16
558 16
604 16
675 16
868 16
873 16
858 16
546 16
623 16
514 16
780 16
24 16
286 16
265 16
244 16
627 16
942 16
229 16
49 16
82 16
426 16
720 16
834 16
899 16
949 16
851 16
774 16
856 16
75 16
486 16
129 16
389 16
933 16
828 16
657 16
601 16
996 16
953 16
887 16
639 16
277 16
761 16
736 16
160 16
730 16
95 16
83 16
814 16
97 16
166 16
837 16
639 16
909 16
224 16
336 16
4 16
290 16
120 16
978 16
85 16
439 16
998 16
346 16
660 16
932 16
902 16
741 16
794 16
771 16
333 16
86 16
841 16
571 16
898 16
837 16
624 16
302 16
437 16
766 16
484 16
925 16
303 16
138 16
665 16
410 16
565 16
875 16
493 16
786 16
98 16
840 16
869 16
86 16
103 16
624 16
975 16
430 16
546 16
644 16
435 16
622 16
761 16
341 16
894 16
965 16
585 16
837 16
684 16
824 16
7 16
713 16
409 16
470 16
538 16
404 16
357 16
732 16
651 16
263 16
666 16
353 16
843 16
427 16
259 16
755 16
863 16
257 16
34 16
696 16
650 16
609 16
350 16
57 16
168 16
288 16
752 16
41 16
834 16
805 16
552 16
363 16
914 16
345 16
761 16
577 16
757 16
422 16
493 16
433 16
664 16
424 16
422 16
282 16
432 16
57 16
411 16
724 16
658 16
521 16
299 16
765 16
611 16
98 16
360 16
648 16
654 16
449 16
907 16
49 16
312 16
32 16
993 16
347 16
49 16
273 16
671 16
530 16
42 16
285 16
135 16
876 16
997 16
571 16
374 16
369 16
629 16
12 16
417 16
412 16
291 16
634 16
44 16
914 16
74 16
305 16
310 16
672 16
136 16
262 16
853 16
609 16
201 16
556 16
841 16
180 16
425 16
893 16
880 16
924 16
246 16
493 16
269 16
321 16
488 16
459 16
478 16
339 16
134 16
265 16
257 16
831 16
430 16
202 16
697 16
219 16
361 16
419 16
203 16
283 16
905 16
738 16
935 16
374 16
407 16
403 16
430 16
626 16
461 16
906 16
391 16
555 16
141 16
410 16
237 16
403 16
404 16
452 16
913 16
500 16
471 16
355 16
511 16
585 16
376 16
972 16
983 16
522 16
757 16
28 16
603 16
222 16
501 16
425 16
360 16
835 16
984 16
634 16
867 16
233 16
458 16
347 16
569 16
388 16
107 16
616 16
163 16
408 16
830 16
370 16
964 16
455 16
436 16
104 16
360 16
358 16
276 16
781 16
178 16
30 16
402 16
223 16
674 16
998 16
481 16
616 16
578 16
45 16
310 16
813 16
332 16
285 16
131 16
436 16
650 16
227 16
108 16
442 16
401 16
819 16
873 16
146 16
722 16
697 16
536 16
890 16
638 16
954 16
911 16
576 16
766 16
641 16
923 16
265 16
21 16
77 16
752 16
186 16
826 16
831 16
182 16
624 16
285 16
498 16
684 16
585 16
229 16
763 16
667 16
461 16
52 16
72 16
746 16
671 16
624 16
845 16
9 16
822 16
479 16
529 16
980 16
809 16
782 16
983 16
982 16
223 16
502 16
489 16
623 16
683 16
108 16
982 16
148 16
214 16
59 16
780 16
242 16
39 16
871 16
401 16
262 16
917 16
249 16
939 16
540 16
398 16
162 16
288 16
810 16
64 16
62 16
671 16
663 16
372 16
391 16
837 16
606 16
778 16
571 16
612 16
641 16
416 16
803 16
870 16
564 16
796 16
752 16
495 16
816 16
153 16
508 16
496 16
824 16
646 16
986 16
352 16
411 16
73 16
540 16
893 16
70 16
51 16
543 16
968 16
221 16
549 16
797 16
127 16
86 16
185 16
639 16
732 16
459 16
771 16
652 16
42 16
602 16
214 16
234 16
495 16
226 16
123 16
328 16
93 16
420 16
348 16
493 16
27 16
812 16
342 16
41 16
937 16
770 16
869 16
799 16
537 16
977 16
401 16
203 16
784 16
260 16
198 16
373 16
483 16
952 16
74 16
546 16
15 16
810 16
360 16
148 16
192 16
669 16
945 16
438 16
835 16
824 16
642 16
197 16
304 16
538 16
720 16
46 16
807 16
43 16
680 16
400 16
276 16
696 16
627 16
942 16
588 16
570 16
583 16
564 16
359 16
884 16
321 16
698 16
864 16
791 16
373 16
898 16
511 16
588 16
120 16
202 16
431 16
718 16
181 16
471 16
603 16
417 16
900 16
110 16
756 16
635 16
633 16
56 16
790 16
525 16
808 16
57 16
937 16
293 16
6 16
485 16
458 16
252 16
914 16
616 16
425 16
327 16
987 16
656 16
174 16
732 16
755 16
946 16
181 16
203 16
545 16
733 16
152 16
814 16
501 16
46 16
244 16
247 16
156 16
113 16
331 16
556 16
123 16
410 16
120 16
841 16
263 16
557 16
242 16
171 16
651 16
808 16
407 16
316 16
244 16
978 16
874 16
272 16
190 16
792 16
168 16
179 16
730 16
868 16
107 16
125 16
783 16
362 16
977 16
731 16
612 16
49 16
463 16
434 16
800 16
234 16
887 16
858 16
192 16
617 16
402 16
374 16
39 16
405 16
646 16
924 16
125 16
221 16
423 16
405 16
838 16
816 16
108 16
914 16
699 16
409 16
817 16
440 16
46 16
406 16
138 16
331 16
590 16
779 16
751 16
875 16
339 16
168 16
682 16
468 16
91 16
236 16
45 16
616 16
459 16
940 16
625 16
673 16
433 16
324 16
842 16
70 16
542 16
336 16
862 16
716 16
249 16
87 16
68 16
558 16
766 16
757 16
1 16
210 16
14 16
620 16
701 16
865 16
168 16
134 16
52 16
667 16
413 16
490 16
633 16
861 16
82 16
560 16
437 16
208 16
758 16
802 16
317 16
447 16
338 16
562 16
954 16
381 16
48 16
450 16
185 16
40 16
812 16
844 16
802 16
134 16
128 16
350 16
606 16
442 16
76 16
937 16
570 16
979 16
90 16
295 16
577 16
674 16
264 16
342 16
525 16
414 16
230 16
589 16
622 16
165 16
959 16
634 16
811 16
577 16
44 16
438 16
700 16
92 16
764 16
990 16
243 16
490 16
416 16
815 16
527 16
314 16
722 16
124 16
200 16
200 16
238 16
967 16
553 16
274 16
177 16
42 16
998 16
29 16
598 16
248 16
879 16
43 16
567 16
374 16
901 16
635 16
937 16
375 16
874 16
782 16
72 16
96 16
637 16
649 16
281 16
329 16
114 16
708 16
927 16
261 16
120 16
53 16
500 16
574 16
572 16
82 16
81 16
647 16
372 16
385 16
730 16
40 16
845 16
958 16
944 16
168 16
349 16
57 16
130 16
738 16
253 16
608 16
678 16
46 16
302 16
192 16
664 16
330 16
45 16
364 16
37 16
653 16
777 16
640 16
362 16
345 16
304 16
645 16
317 16
610 16
809 16
992 16
909 16
191 16
301 16
721 16
958 16
116 16
95 16
125 16
284 16
169 16
618 16
1 16
761 16
339 16
346 16
4 16
473 16
13 16
530 16
511 16
722 16
955 16
309 16
91 16
154 16
978 16
280 16
815 16
344 16
991 16
572 16
477 16
101 16
131 16
137 16
136 16
427 16
775 16
422 16
589 16
459 16
626 16
374 16
690 16
653 16
436 16
636 16
823 16
360 16
30 16
791 16
464 16
953 16
569 16
448 16
20 16
680 16
607 16
280 16
717 16
263 16
874 16
551 16
492 16
228 16
335 16
23 16
240 16
925 16
45 16
255 16
211 16
507 16
880 16
859 16
609 16
887 16
877 16
825 16
950 16
496 16
474 16
310 16
787 16
599 16
764 16
391 16
581 16
650 16
659 16
900 16
146 16
509 16
342 16
294 16
568 16
423 16
670 16
2 16
436 16
727 16
10 16
949 16
220 16
351 16
335 16
335 16
722 16
49 16
337 16
900 16
125 16
991 16
859 16
997 16
853 16
263 16
111 16
950 16
923 16
794 16
186 16
424 16
283 16
958 16
839 16
950 16
991 16
121 16
118 16
77 16
745 16
590 16
385 16
613 16
92 16
868 16
19 16
364 16
488 16
665 16
278 16
554 16
320 16
231 16
807 16
831 16
481 16
29 16
223 16
864 16
194 16
670 16
817 16
104 16
963 16
982 16
627 16
643 16
211 16
832 16
875 16
326 16
426 16
436 16
695 16
274 16
175 16
950 16
481 16
224 16
503 16
515 16
301 16
854 16
523 16
941 16
721 16
767 16
164 16
973 16
760 16
209 16
454 16
495 16
98 16
392 16
134 16
321 16
84 16
880 16
633 16
918 16
647 16
47 16
771 16
815 16
872 16
409 16
945 16
281 16
395 16
525 16
363 16
698 16
53 16
309 16
449 16
628 16
405 16
723 16
777 16
652 16
197 16
94 16
979 16
564 16
355 16
60 16
705 16
668 16
646 16
42 16
702 16
888 16
520 16
742 16
89 16
915 16
639 16
653 16
566 16
185 16
711 16
345 16
817 16
842 16
104 16
122 16
176 16
42 16
87 16
222 16
229 16
469 16
699 16
971 16
172 16
40 16
230 16
792 16
983 16
546 16
943 16
492 16
948 16
402 16
120 16
830 16
575 16
106 16
801 16
891 16
561 16
833 16
280 16
974 16
141 16
575 16
562 16
82 16
643 16
609 16
379 16
419 16
483 16
484 16
918 16
291 16
927 16
438 16
153 16
312 16
565 16
720 16
729 16
882 16
936 16
135 16
5 16
899 16
546 16
938 16
425 16
583 16
368 16
638 16
674 16
882 16
42 16
565 16
504 16
921 16
77 16
814 16
293 16
496 16
95 16
765 16
785 16
443 16
183 16
979 16
840 16
168 16
294 16
248 16
96 16
26 16
630 16
365 16
234 16
176 16
261 16
766 16
340 16
340 16
69 16
652 16
657 16
592 16
844 16
993 16
758 16
618 16
531 16
517 16
546 16
16 16
790 16
277 16
289 16
718 16
343 16
83 16
309 16
629 16
895 16
904 16
58 16
845 16
305 16
406 16
387 16
403 16
404 16
371 16
710 16
462 16
774 16
391 16
433 16
123 16
312 16
886 16
752 16
753 16
42 16
137 16
565 16
415 16
123 16
975 16
890 16
393 16
540 16
793 16
533 16
9 16
562 16
52 16
232 16
474 16
831 16
71 16
493 16
575 16
692 16
27 16
923 16
946 16
341 16
370 16
87 16
1 16
177 16
129 16
489 16
451 16
364 16
783 16
434 16
345 16
131 16
552 16
215 16
543 16
291 16
123 16
821 16
169 16
878 16
182 16
617 16
258 16
83 16
91 16
322 16
272 16
305 16
748 16
726 16
340 16
175 16
123 16
317 16
61 16
475 16
148 16
574 16
260 16
926 16
75 16
949 16
258 16
65 16
794 16
749 16
621 16
222 16
547 16
775 16
609 16
380 16
212 16
215 16
916 16
304 16
744 16
80 16
618 16
741 16
738 16
564 16
367 16
537 16
164 16
313 16
51 16
587 16
517 16
547 16
327 16
836 16
25 16
498 16
550 16
57 16
779 16
912 16
766 16
434 16
366 16
65 16
806 16
466 16
545 16
935 16
297 16
436 16
792 16
865 16
585 16
150 16
15 16
104 16
863 16
749 16
962 16
510 16
623 16
29 16
935 16
211 16
976 16
738 16
613 16
813 16
664 16
632 16
198 16
19 16
935 16
411 16
104 16
750 16
962 16
948 16
25 16
165 16
360 16
977 16
448 16
643 16
761 16
376 16
201 16
431 16
18 16
447 16
928 16
952 16
540 16
651 16
719 16
443 16
61 16
612 16
474 16
843 16
446 16
385 16
944 16
523 16
651 16
253 16
588 16
306 16
354 16
581 16
177 16
148 16
283 16
340 16
596 16
1 16
870 16
126 16
227 16
965 16
737 16
669 16
876 16
372 16
208 16
891 16
784 16
175 16
471 16
197 16
62 16
494 16
876 16
568 16
403 16
60 16
743 16
532 16
959 16
450 16
387 16
905 16
276 16
153 16
198 16
921 16
456 16
752 16
460 16
380 16
97 16
805 16
802 16
162 16
608 16
332 16
118 16
73 16
22 16
506 16
132 16
163 16
195 16
260 16
220 16
842 16
197 16
609 16
479 16
819 16
61 16
528 16
831 16
813 16
710 16
32 16
182 16
124 16
551 16
858 16
287 16
751 16
928 16
804 16
905 16
410 16
49 16
501 16
450 16
224 16
637 16
513 16
632 16
800 16
917 16
136 16
755 16
875 16
330 16
463 16
910 16
8 16
522 16
546 16
244 16
316 16
820 16
868 16
927 16
641 16
950 16
797 16
867 16
322 16
851 16
654 16
937 16
472 16
139 16
356 16
888 16
484 16
466 16
15 16
670 16
634 16
746 16
942 16
253 16
630 16
188 16
769 16
152 16
133 16
698 16
347 16
508 16
451 16
616 16
482 16
548 16
796 16
289 16
59 16
428 16
721 16
326 16
111 16
887 16
186 16
985 16
292 16
460 16
322 16
144 16
689 16
515 16
963 16
36 16
699 16
262 16
519 16
441 16
13 16
522 16
992 16
472 16
767 16
149 16
381 16
560 16
317 16
721 16
33 16
812 16
274 16
30 16
449 16
374 16
178 16
207 16
474 16
304 16
113 16
834 16
213 16
187 16
715 16
627 16
504 16
521 16
881 16
762 16
763 16
356 16
180 16
720 16
723 16
514 16
258 16
585 16
174 16
936 16
74 16
843 16
876 16
507 16
877 16
30 16
198 16
29 16
131 16
379 16
781 16
116 16
167 16
878 16
258 16
991 16
729 16
160 16
22 16
130 16
678 16
301 16
77 16
442 16
981 16
813 16
779 16
330 16
240 16
398 16
947 16
98 16
781 16
982 16
88 16
665 16
161 16
766 16
722 16
553 16
504 16
258 16
856 16
209 16
915 16
493 16
372 16
913 16
942 16
529 16
111 16
638 16
404 16
340 16
641 16
677 16
226 16
214 16
805 16
596 16
206 16
831 16
383 16
84 16
722 16
797 16
787 16
59 16
352 16
595 16
707 16
862 16
907 16
414 16
117 16
83 16
199 16
241 16
7 16
916 16
159 16
376 16
680 16
768 16
345 16
721 16
564 16
123 16
672 16
158 16
715 16
822 16
398 16
767 16
342 16
401 16
340 16
197 16
327 16
21 16
775 16
441 16
645 16
526 16
760 16
331 16
209 16
901 16
841 16
15 16
152 16
132 16
255 16
129 16
652 16
699 16
512 16
113 16
569 16
488 16
619 16
642 16
466 16
690 16
582 16
780 16
773 16
574 16
703 16
17 16
570 16
786 16
563 16
989 16
723 16
127 16
621 16
190 16
896 16
517 16
636 16
147 16
914 16
270 16
795 16
617 16
649 16
228 16
182 16
873 16
773 16
702 16
190 16
581 16
893 16
685 16
385 16
465 16
8 16
758 16
241 16
846 16
86 16
856 16
927 16
913 16
769 16
692 16
652 16
83 16
549 16
669 16
788 16
201 16
922 16
413 16
687 16
444 16
834 16
559 16
533 16
523 16
555 16
699 16
502 16
356 16
890 16
395 16
859 16
441 16
602 16
589 16
148 16
407 16
392 16
617 16
983 16
530 16
980 16
434 16
105 16
61 16
758 16
793 16
581 16
862 16
178 16
909 16
806 16
949 16
274 16
383 16
699 16
252 16
55 16
490 16
454 16
466 16
132 16
560 16
192 16
994 16
615 16
327 16
13 16
441 16
68 16
930 16
247 16
893 16
55 16
108 16
594 16
784 16
102 16
303 16
947 16
852 16
457 16
338 16
254 16
112 16
639 16
962 16
578 16
249 16
302 16
447 16
339 16
868 16
719 16
575 16
60 16
375 16
27 16
472 16
647 16
959 16
846 16
271 16
627 16
60 16
527 16
894 16
665 16
833 16
288 16
641 16
107 16
656 16
665 16
529 16
208 16
155 16
587 16
546 16
992 16
828 16
243 16
943 16
201 16
237 16
846 16
910 16
300 16
692 16
467 16
29 16
303 16
70 16
106 16
891 16
328 16
5 16
791 16
380 16
522 16
732 16
50 16
52 16
679 16
567 16
510 16
821 16
27 16
319 16
260 16
676 16
432 16
515 16
891 16
189 16
11 16
690 16
502 16
975 16
923 16
925 16
499 16
537 16
801 16
402 16
227 16
596 16
768 16
210 16
979 16
475 16
107 16
284 16
454 16
420 16
53 16
179 16
861 16
378 16
273 16
762 16
460 16
652 16
150 16
504 16
665 16
325 16
62 16
951 16
844 16
798 16
228 16
710 16
38 16
809 16
520 16
94 16
943 16
68 16
9 16
977 16
536 16
829 16
205 16
214 16
737 16
469 16
464 16
921 16
569 16
749 16
118 16
976 16
584 16
117 16
775 16
841 16
778 16
172 16
62 16
623 16
186 16
209 16
837 16
419 16
272 16
728 16
361 16
814 16
657 16
280 16
374 16
348 16
337 16
321 16
687 16
229 16
88 16
202 16
260 16
678 16
750 16
473 16
440 16
444 16
836 16
340 16
221 16
976 16
481 16
820 16
151 16
150 16
437 16
578 16
354 16
432 16
709 16
754 16
736 16
623 16
116 16
691 16
803 16
929 16
163 16
264 16
819 16
38 16
949 16
537 16
653 16
796 16
305 16
474 16
281 16
819 16
4 16
901 16
302 16
875 16
170 16
652 16
324 16
529 16
89 16
558 16
597 16
929 16
435 16
547 16
8 16
45 16
942 16
531 16
940 16
323 16
65 16
280 16
430 16
620 16
93 16
580 16
359 16
841 16
357 16
780 16
902 16
456 16
412 16
668 16
445 16
21 16
170 16
725 16
313 16
580 16
706 16
545 16
931 16
226 16
379 16
183 16
967 16
395 16
561 16
274 16
6 16
277 16
327 16
20 16
844 16
380 16
340 16
344 16
839 16
375 16
991 16
44 16
714 16
120 16
431 16
589 16
478 16
265 16
444 16
597 16
396 16
450 16
212 16
727 16
401 16
999 16
731 16
251 16
558 16
853 16
410 16
853 16
403 16
229 16
434 16
992 16
784 16
89 16
861 16
920 16
664 16
548 16
90 16
613 16
338 16
863 16
635 16
11 16
749 16
173 16
100 16
30 16
839 16
271 16
83 16
155 16
850 16
740 16
670 16
242 16
195 16
312 16
725 16
656 16
297 16
662 16
981 16
153 16
407 16
248 16
430 16
386 16
838 16
3 16
290 16
51 16
194 16
904 16
283 16
227 16
310 16
964 16
287 16
671 16
686 16
33 16
338 16
515 16
130 16
525 16
521 16
305 16
674 16
856 16
710 16
606 16
851 16
980 16
133 16
57 16
412 16
165 16
898 16
648 16
541 16
887 16
164 16
339 16
973 16
207 16
970 16
953 16
565 16
194 16
249 16
849 16
831 16
321 16
439 16
97 16
421 16
182 16
415 16
162 16
719 16
960 16
945 16
149 16
325 16
970 16
373 16
950 16
60 16
987 16
972 16
655 16
233 16
302 16
443 16
800 16
648 16
833 16
261 16
457 16
151 16
90 16
404 16
818 16
420 16
694 16
572 16
698 16
583 16
307 16
780 16
339 16
141 16
141 16
114 16
903 16
963 16
246 16
673 16
188 16
843 16
398 16
466 16
322 16
830 16
379 16
364 16
542 16
246 16
505 16
665 16
255 16
687 16
274 16
127 16
821 16
201 16
561 16
551 16
737 16
900 16
33 16
693 16
88 16
161 16
562 16
381 16
465 16
425 16
331 16
734 16
414 16
949 16
971 16
62 16
231 16
833 16
209 16
882 16
329 16
869 16
604 16
168 16
230 16
537 16
541 16
779 16
774 16
204 16
465 16
562 16
932 16
873 16
106 16
533 16
139 16
159 16
740 16
437 16
343 16
140 16
557 16
288 16
904 16
325 16
998 16
333 16
96 16
636 16
110 16
994 16
614 16
583 16
502 16
191 16
379 16
609 16
919 16
678 16
250 16
815 16
159 16
10 16
373 16
921 16
555 16
489 16
402 16
234 16
614 16
976 16
684 16
494 16
776 16
697 16
534 16
0 16
50 16
331 16
842 16
37 16
269 16
295 16
704 16
504 16
306 16
266 16
794 16
811 16
788 16
147 16
364 16
566 16
626 16
915 16
457 16
784 16
424 16
380 16
128 16
87 16
717 16
872 16
789 16
765 16
64 16
103 16
860 16
945 16
187 16
892 16
673 16
975 16
546 16
869 16
91 16
645 16
77 16
189 16
287 16
27 16
88 16
847 16
856 16
951 16
412 16
809 16
91 16
426 16
686 16
555 16
433 16
874 16
837 16
162 16
710 16
124 16
353 16
918 16
951 16
85 16
247 16
292 16
225 16
470 16
545 16
657 16
859 16
2 16
394 16
268 16
589 16
142 16
367 16
197 16
298 16
236 16
785 16
896 16
473 16
395 16
335 16
345 16
178 16
214 16
465 16
787 16
931 16
679 16
407 16
513 16
962 16
368 16
311 16
487 16
829 16
390 16
190 16
38 16
13 16
227 16
974 16
730 16
673 16
190 16
493 16
834 16
975 16
385 16
926 16
836 16
957 16
927 16
961 16
890 16
310 16
936 16
813 16
293 16
360 16
650 16
262 16
612 16
354 16
574 16
433 16
593 16
858 16
524 16
685 16
176 16
420 16
75 16
468 16
413 16
351 16
673 16
38 16
457 16
946 16
907 16
574 16
312 16
612 16
915 16
734 16
987 16
217 16
27 16
670 16
29 16
824 16
42 16
66 16
284 16
33 16
130 16
17 16
653 16
12 16
74 16
457 16
300 16
493 16
679 16
552 16
495 16
347 16
866 16
974 16
894 16
135 16
862 16
774 16
522 16
642 16
265 16
635 16
135 16
784 16
157 16
824 16
927 16
640 16
817 16
495 16
60 16
13 16
368 16
914 16
945 16
263 16
166 16
304 16
205 16
722 16
115 16
72 16
686 16
241 16
365 16
209 16
374 16
603 16
462 16
666 16
445 16
603 16
479 16
749 16
74 16
565 16
159 16
734 16
847 16
980 16
93 16
401 16
640 16
937 16
846 16
537 16
623 16
926 16
363 16
165 16
400 16
249 16
34 16
470 16
100 16
996 16
391 16
267 16
420 16
137 16
110 16
373 16
276 16
138 16
800 16
143 16
521 16
614 16
912 16
716 16
33 16
424 16
945 16
444 16
205 16
66 16
694 16
570 16
205 16
799 16
309 16
341 16
304 16
101 16
593 16
406 16
126 16
9 16
970 16
569 16
85 16
85 16
35 16
644 16
52 16
212 16
160 16
116 16
872 16
423 16
834 16
615 16
720 16
496 16
249 16
365 16
959 16
131 16
36 16
47 16
389 16
956 16
328 16
42 16
18 16
651 16
795 16
717 16
801 16
980 16
644 16
501 16
212 16
451 16
193 16
290 16
546 16
213 16
235 16
330 16
89 16
866 16
410 16
155 16
802 16
791 16
417 16
70 16
392 16
760 16
198 16
207 16
68 16
786 16
88 16
145 16
625 16
446 16
485 16
486 16
111 16
361 16
343 16
684 16
502 16
232 16
227 16
27 16
480 16
33 16
238 16
763 16
931 16
973 16
227 16
19 16
809 16
850 16
813 16
532 16
670 16
309 16
806 16
124 16
678 16
628 16
690 16
574 16
601 16
370 16
347 16
830 16
404 16
683 16
977 16
546 16
789 16
775 16
590 16
5 16
779 16
596 16
635 16
741 16
167 16
523 16
331 16
20 16
379 16
989 16
138 16
387 16
845 16
671 16
913 16
938 16
383 16
240 16
409 16
717 16
151 16
307 16
960 16
145 16
190 16
351 16
301 16
164 16
424 16
916 16
941 16
841 16
487 16
953 16
440 16
955 16
203 16
401 16
499 16
473 16
258 16
916 16
122 16
640 16
80 16
433 16
490 16
870 16
603 16
568 16
104 16
402 16
718 16
301 16
218 16
290 16
688 16
74 16
16 16
636 16
376 16
604 16
429 16
358 16
368 16
13 16
184 16
384 16
115 16
906 16
786 16
183 16
739 16
786 16
83 16
997 16
467 16
423 16
294 16
708 16
22 16
761 16
101 16
34 16
667 16
221 16
330 16
661 16
606 16
757 16
460 16
671 16
691 16
482 16
66 16
405 16
881 16
60 16
575 16
866 16
713 16
818 16
682 16
985 16
170 16
636 16
728 16
975 16
795 16
549 16
569 16
607 16
52 16
79 16
84 16
399 16
713 16
751 16
311 16
15 16
891 16
287 16
55 16
242 16
205 16
370 16
40 16
205 16
376 16
794 16
265 16
484 16
220 16
701 16
488 16
380 16
355 16
718 16
229 16
155 16
907 16
24 16
950 16
491 16
313 16
389 16
295 16
638 16
412 16
757 16
747 16
476 16
893 16
114 16
451 16
319 16
825 16
464 16
602 16
967 16
472 16
402 16
411 16
738 16
549 16
159 16
423 16
891 16
386 16
508 16
551 16
203 16
720 16
291 16
378 16
525 16
864 16
217 16
163 16
123 16
49 16
173 16
291 16
239 16
606 16
603 16
150 16
164 16
915 16
673 16
60 16
618 16
12 16
729 16
103 16
776 16
674 16
21 16
828 16
811 16
899 16
265 16
984 16
589 16
829 16
170 16
96 16
945 16
382 16
725 16
989 16
259 16
875 16
658 16
442 16
869 16
868 16
206 16
403 16
507 16
352 16
264 16
996 16
784 16
282 16
603 16
131 16
977 16
247 16
826 16
459 16
208 16
930 16
675 16
350 16
579 16
662 16
930 16
606 16
146 16
104 16
310 16
648 16
136 16
271 16
480 16
397 16
881 16
745 16
911 16
174 16
882 16
275 16
57 16
820 16
605 16
828 16
260 16
18 16
787 16
942 16
611 16
279 16
540 16
675 16
868 16
995 16
171 16
96 16
702 16
574 16
133 16
880 16
311 16
8 16
168 16
32 16
660 16
952 16
679 16
170 16
226 16
332 16
787 16
568 16
744 16
913 16
222 16
919 16
800 16
280 16
601 16
14 16
219 16
237 16
430 16
17 16
345 16
109 16
543 16
798 16
642 16
180 16
741 16
651 16
150 16
305 16
221 16
986 16
608 16
302 16
429 16
11 16
266 16
895 16
172 16
276 16
770 16
918 16
79 16
423 16
162 16
185 16
551 16
264 16
910 16
297 16
920 16
554 16
982 16
351 16
669 16
333 16
378 16
477 16
55 16
29 16
173 16
47 16
973 16
850 16
163 16
68 16
516 16
960 16
844 16
981 16
583 16
803 16
266 16
40 16
667 16
968 16
191 16
153 16
345 16
642 16
144 16
102 16
767 16
328 16
710 16
222 16
872 16
456 16
443 16
533 16
838 16
2 16
985 16
582 16
930 16
595 16
758 16
46 16
307 16
933 16
660 16
745 16
42 16
511 16
197 16
75 16
918 16
118 16
91 16
773 16
115 16
496 16
549 16
489 16
462 16
880 16
566 16
860 16
651 16
115 16
864 16
592 16
791 16
582 16
78 16
507 16
562 16
466 16
519 16
999 16
4 16
45 16
789 16
855 16
880 16
886 16
981 16
626 16
445 16
589 16
42 16
159 16
393 16
149 16
178 16
798 16
873 16
486 16
538 16
343 16
980 16
699 16
925 16
665 16
302 16
93 16
592 16
776 16
335 16
802 16
673 16
124 16
579 16
214 16
221 16
131 16
61 16
852 16
312 16
650 16
892 16
425 16
615 16
525 16
728 16
437 16
594 16
456 16
437 16
878 16
430 16
537 16
710 16
467 16
383 16
493 16
613 16
699 16
898 16
955 16
551 16
864 16
936 16
793 16
813 16
811 16
150 16
473 16
60 16
652 16
873 16
815 16
910 16
973 16
760 16
794 16
906 16
621 16
954 16
236 16
206 16
452 16
806 16
568 16
309 16
752 16
665 16
935 16
11 16
515 16
737 16
887 16
988 16
166 16
816 16
193 16
325 16
647 16
509 16
733 16
819 16
2 16
829 16
908 16
712 16
951 16
527 16
722 16
524 16
904 16
452 16
726 16
687 16
788 16
669 16
247 16
780 16
933 16
119 16
325 16
250 16
667 16
697 16
136 16
220 16
763 16
942 16
321 16
440 16
943 16
774 16
580 16
125 16
931 16
583 16
766 16
541 16
529 16
721 16
121 16
570 16
626 16
582 16
65 16
173 16
586 16
928 16
2 16
857 16
942 16
189 16
656 16
174 16
869 16
430 16
739 16
498 16
736 16
421 16
389 16
394 16
232 16
132 16
529 16
494 16
298 16
827 16
713 16
426 16
401 16
289 16
588 16
888 16
472 16
348 16
362 16
227 16
98 16
651 16
774 16
247 16
728 16
752 16
207 16
116 16
70 16
971 16
370 16
434 16
587 16
354 16
176 16
302 16
412 16
693 16
688 16
706 16
116 16
325 16
112 16
498 16
513 16
228 16
925 16
418 16
237 16
936 16
261 16
70 16
920 16
866 16
461 16
282 16
303 16
563 16
652 16
832 16
507 16
205 16
179 16
423 16
536 16
135 16
503 16
840 16
560 16
515 16
77 16
372 16
788 16
538 16
672 16
890 16
894 16
343 16
778 16
965 16
726 16
56 16
541 16
585 16
95 16
984 16
989 16
142 16
157 16
34 16
244 16
869 16
574 16
209 16
977 16
343 16
122 16
618 16
886 16
797 16
312 16
755 16
884 16
458 16
94 16
837 16
437 16
901 16
332 16
812 16
14 16
443 16
910 16
431 16
279 16
761 16
877 16
123 16
216 16
311 16
800 16
418 16
378 16
640 16
4 16
904 16
616 16
269 16
613 16
358 16
776 16
449 16
168 16
800 16
609 16
647 16
503 16
930 16
602 16
744 16
551 16
263 16
261 16
841 16
938 16
201 16
631 16
402 16
684 16
861 16
284 16
17 16
180 16
797 16
867 16
52 16
969 16
249 16
500 16
189 16
358 16
16 16
930 16
231 16
611 16
168 16
721 16
551 16
930 16
877 16
428 16
911 16
651 16
302 16
195 16
884 16
740 16
187 16
472 16
678 16
481 16
82 16
524 16
664 16
652 16
769 16
659 16
845 16
785 16
78 16
41 16
555 16
56 16
603 16
951 16
460 16
151 16
389 16
494 16
470 16
772 16
427 16
847 16
61 16
580 16
595 16
628 16
590 16
379 16
816 16
831 16
716 16
408 16
664 16
381 16
728 16
4 16
58 16
206 16
769 16
135 16
373 16
307 16
827 16
623 16
771 16
780 16
939 16
935 16
956 16
902 16
936 16
328 16
239 16
830 16
182 16
574 16
67 16
109 16
485 16
521 16
692 16
655 16
86 16
661 16
833 16
897 16
53 16
729 16
930 16
983 16
713 16
361 16
944 16
503 16
745 16
864 16
708 16
893 16
209 16
526 16
609 16
852 16
866 16
610 16
725 16
326 16
87 16
36 16
890 16
208 16
571 16
826 16
812 16
485 16
856 16
796 16
787 16
934 16
371 16
830 16
143 16
954 16
972 16
210 16
891 16
48 16
57 16
551 16
75 16
150 16
441 16
314 16
31 16
772 16
902 16
135 16
778 16
307 16
364 16
276 16
452 16
379 16
790 16
58 16
82 16
757 16
551 16
817 16
976 16
694 16
166 16
399 16
389 16
5 16
803 16
541 16
76 16
490 16
623 16
495 16
379 16
762 16
624 16
725 16
892 16
139 16
905 16
154 16
873 16
272 16
720 16
440 16
308 16
497 16
0 16
454 16
716 16
603 16
607 16
152 16
652 16
351 16
946 16
617 16
326 16
330 16
549 16
720 16
357 16
313 16
919 16
492 16
376 16
798 16
745 16
316 16
882 16
699 16
279 16
872 16
950 16
978 16
783 16
606 16
999 16
270 16
983 16
114 16
926 16
858 16
35 16
653 16
621 16
36 16
788 16
872 16
304 16
430 16
980 16
141 16
963 16
281 16
861 16
202 16
574 16
861 16
801 16
539 16
510 16
346 16
908 16
284 16
725 16
452 16
886 16
712 16
481 16
391 16
781 16
408 16
322 16
935 16
400 16
131 16
765 16
689 16
822 16
654 16
478 16
4 16
732 16
337 16
570 16
326 16
901 16
198 16
282 16
957 16
675 16
214 16
299 16
386 16
172 16
226 16
19 16
107 16
473 16
3 16
958 16
902 16
360 16
302 16
438 16
365 16
537 16
976 16
729 16
867 16
829 16
633 16
212 16
985 16
274 16
256 16
398 16
917 16
571 16
60 16
815 16
935 16
324 16
385 16
575 16
705 16
332 16
935 16
91 16
435 16
27 16
611 16
754 16
201 16
195 16
336 16
541 16
969 16
883 16
6 16
261 16
700 16
813 16
445 16
879 16
585 16
769 16
78 16
426 16
784 16
763 16
470 16
673 16
18 16
648 16
584 16
60 16
322 16
878 16
406 16
713 16
520 16
625 16
108 16
976 16
250 16
937 16
745 16
36 16
583 16
361 16
650 16
877 16
282 16
755 16
493 16
290 16
775 16
310 16
319 16
443 16
317 16
641 16
530 16
453 16
544 16
906 16
775 16
711 16
10 16
903 16
436 16
714 16
581 16
358 16
90 16
701 16
7 16
256 16
669 16
934 16
651 16
472 16
65 16
76 16
736 16
289 16
509 16
585 16
136 16
805 16
231 16
693 16
663 16
514 16
660 16
22 16
374 16
470 16
706 16
124 16
27 16
900 16
348 16
960 16
55 16
791 16
321 16
893 16
131 16
507 16
201 16
375 16
600 16
587 16
573 16
527 16
122 16
788 16
490 16
936 16
784 16
289 16
82 16
4 16
666 16
816 16
311 16
208 16
535 16
289 16
996 16
119 16
843 16
279 16
402 16
649 16
945 16
231 16
372 16
604 16
202 16
230 16
984 16
683 16
378 16
743 16
755 16
970 16
28 16
961 16
447 16
524 16
370 16
726 16
435 16
332 16
939 16
760 16
791 16
735 16
336 16
55 16
283 16
83 16
564 16
342 16
595 16
17 16
752 16
219 16
529 16
853 16
561 16
364 16
543 16
838 16
495 16
807 16
799 16
569 16
530 16
330 16
297 16
920 16
403 16
346 16
200 16
24 16
876 16
503 16
377 16
504 16
837 16
715 16
225 16
69 16
484 16
299 16
843 16
315 16
984 16
814 16
722 16
197 16
666 16
107 16
865 16
357 16
257 16
272 16
501 16
632 16
121 16
813 16
507 16
40 16
398 16
166 16
787 16
501 16
515 16
215 16
944 16
358 16
857 16
930 16
667 16
593 16
22 16
44 16
444 16
82 16
653 16
877 16
437 16
920 16
139 16
838 16
362 16
587 16
997 16
181 16
640 16
354 16
667 16
468 16
825 16
25 16
57 16
656 16
98 16
63 16
330 16
85 16
945 16
829 16
865 16
351 16
622 16
963 16
558 16
691 16
636 16
741 16
930 16
92 16
996 16
210 16
431 16
409 16
87 16
5 16
86 16
387 16
782 16
764 16
622 16
181 16
528 16
406 16
102 16
228 16
391 16
650 16
471 16
814 16
495 16
330 16
105 16
831 16
460 16
942 16
257 16
502 16
887 16
957 16
395 16
854 16
580 16
719 16
418 16
544 16
675 16
630 16
161 16
238 16
674 16
874 16
93 16
682 16
691 16
75 16
257 16
269 16
911 16
841 16
877 16
500 16
455 16
656 16
789 16
877 16
858 16
480 16
57 16
871 16
112 16
800 16
430 16
199 16
49 16
50 16
736 16
727 16
251 16
90 16
914 16
593 16
15 16
16 16
516 16
97 16
335 16
541 16
295 16
664 16
582 16
753 16
465 16
805 16
27 16
363 16
232 16
94 16
260 16
363 16
732 16
532 16
987 16
665 16
437 16
724 16
719 16
576 16
165 16
498 16
298 16
101 16
908 16
160 16
714 16
921 16
7 16
533 16
295 16
166 16
756 16
792 16
696 16
231 16
509 16
75 16
650 16
271 16
758 16
685 16
614 16
811 16
925 16
640 16
293 16
932 16
749 16
713 16
594 16
701 16
222 16
701 16
493 16
411 16
260 16
440 16
216 16
410 16
34 16
489 16
151 16
108 16
388 16
74 16
361 16
172 16
206 16
636 16
749 16
433 16
661 16
15 16
979 16
70 16
495 16
662 16
945 16
102 16
585 16
665 16
86 16
581 16
909 16
380 16
374 16
49 16
878 16
413 16
187 16
975 16
402 16
723 16
812 16
50 16
722 16
290 16
493 16
271 16
657 16
634 16
34 16
172 16
999 16
103 16
57 16
807 16
905 16
860 16
707 16
602 16
526 16
161 16
247 16
51 16
456 16
739 16
700 16
570 16
845 16
186 16
0 16
228 16
738 16
462 16
225 16
357 16
667 16
202 16
495 16
770 16
337 16
867 16
173 16
220 16
624 16
122 16
826 16
753 16
900 16
621 16
648 16
484 16
392 16
292 16
897 16
661 16
322 16
230 16
688 16
243 16
86 16
148 16
683 16
709 16
238 16
485 16
507 16
248 16
771 16
849 16
893 16
394 16
866 16
106 16
185 16
774 16
158 16
420 16
220 16
209 16
541 16
221 16
164 16
145 16
746 16
670 16
207 16
261 16
543 16
522 16
880 16
358 16
989 16
430 16
72 16
317 16
674 16
966 16
661 16
983 16
21 16
425 16
721 16
595 16
320 16
642 16
818 16
37 16
850 16
656 16
849 16
82 16
641 16
903 16
265 16
411 16
105 16
709 16
127 16
55 16
995 16
241 16
256 16
185 16
309 16
765 16
619 16
641 16
714 16
356 16
843 16
14 16
910 16
6 16
97 16
561 16
263 16
801 16
621 16
925 16
683 16
466 16
414 16
682 16
611 16
89 16
974 16
640 16
841 16
826 16
723 16
153 16
291 16
896 16
19 16
400 16
219 16
300 16
807 16
613 16
634 16
499 16
626 16
906 16
921 16
461 16
375 16
120 16
604 16
18 16
957 16
442 16
347 16
71 16
984 16
379 16
62 16
438 16
268 16
844 16
589 16
820 16
848 16
925 16
297 16
923 16
461 16
397 16
915 16
680 16
690 16
413 16
566 16
383 16
214 16
166 16
803 16
434 16
952 16
363 16
298 16
961 16
998 16
89 16
943 16
579 16
673 16
282 16
593 16
802 16
257 16
401 16
722 16
381 16
2 16
225 16
939 16
502 16
971 16
366 16
736 16
916 16
454 16
108 16
27 16
412 16
953 16
902 16
152 16
336 16
713 16
503 16
284 16
609 16
141 16
829 16
379 16
937 16
478 16
3 16
669 16
329 16
849 16
693 16
212 16
849 16
533 16
54 16
972 16
22 16
584 16
902 16
15 16
821 16
225 16
672 16
572 16
782 16
689 16
279 16
187 16
596 16
484 16
280 16
32 16
744 16
509 16
442 16
426 16
357 16
339 16
194 16
871 16
751 16
694 16
315 16
950 16
285 16
853 16
451 16
96 16
493 16
680 16
497 16
843 16
46 16
301 16
955 16
661 16
969 16
522 16
908 16
26 16
25 16
421 16
305 16
441 16
153 16
883 16
84 16
777 16
964 16
115 16
194 16
956 16
992 16
823 16
976 16
477 16
772 16
806 16
819 16
171 16
561 16
704 16
332 16
938 16
924 16
816 16
226 16
666 16
969 16
815 16
689 16
958 16
499 16
402 16
608 16
524 16
304 16
546 16
232 16
980 16
98 16
36 16
785 16
846 16
384 16
5 16
455 16
164 16
931 16
772 16
121 16
345 16
332 16
308 16
586 16
54 16
859 16
996 16
664 16
903 16
946 16
92 16
178 16
582 16
832 16
470 16
167 16
683 16
273 16
895 16
241 16
334 16
194 16
113 16
177 16
43 16
723 16
518 16
524 16
33 16
774 16
683 16
178 16
527 16
635 16
702 16
295 16
739 16
390 16
30 16
291 16
217 16
744 16
238 16
460 16
116 16
233 16
165 16
947 16
180 16
304 16
573 16
588 16
596 16
729 16
85 16
518 16
550 16
173 16
174 16
595 16
558 16
360 16
942 16
874 16
712 16
803 16
676 16
672 16
582 16
585 16
594 16
221 16
178 16
455 16
752 16
658 16
