426 17
168 17
151 17
554 17
831 17
383 17
412 17
791 17
590 17
597 17
930 17
240 17
351 17
562 17
206 17
37 17
539 17
288 17
920 17
472 17
469 17
68 17
251 17
23 17
282 17
864 17
685 17
736 17
257 17
94 17
990 17
0 17
614 17
547 17
54 17
823 17
936 17
573 17
151 17
236 17
866 17
434 17
930 17
417 17
839 17
407 17
573 17
259 17
102 17
874 17
666 17
120 17
285 17
797 17
963 17
444 17
610 17
672 17
848 17
842 17
213 17
761 17
339 17
692 17
473 17
466 17
211 17
648 17
257 17
127 17
877 17
871 17
359 17
298 17
658 17
282 17
823 17
53 17
681 17
635 17
187 17
299 17
708 17
197 17
584 17
900 17
936 17
729 17
21 17
84 17
270 17
991 17
827 17
614 17
478 17
181 17
960 17
82 17
676 17
951 17
614 17
32 17
954 17
515 17
265 17
527 17
133 17
31 17
317 17
487 17
516 17
914 17
533 17
159 17
867 17
843 17
952 17
44 17
470 17
714 17
926 17
623 17
440 17
682 17
17 17
170 17
812 17
31 17
623 17
695 17
258 17
297 17
11 17
916 17
339 17
405 17
619 17
391 17
328 17
989 17
156 17
361 17
148 17
323 17
633 17
194 17
667 17
655 17
939 17
506 17
930 17
474 17
570 17
415 17
661 17
391 17
954 17
800 17
959 17
597 17
41 17
85 17
924 17
907 17
628 17
464 17
91 17
233 17
769 17
92 17
607 17
798 17
256 17
600 17
317 17
299 17
962 17
360 17
167 17
284 17
995 17
833 17
527 17
614 17
325 17
455 17
423 17
106 17
881 17
189 17
533 17
4 17
362 17
303 17
925 17
712 17
397 17
143 17
886 17
386 17
768 17
459 17
550 17
824 17
908 17
728 17
721 17
454 17
517 17
13 17
861 17
174 17
30 17
270 17
17 17
330 17
153 17
34 17
540 17
39 17
180 17
868 17
985 17
48 17
480 17
11 17
152 17
868 17
762 17
366 17
112 17
693 17
252 17
512 17
153 17
862 17
718 17
851 17
478 17
992 17
718 17
100 17
231 17
833 17
831 17
875 17
836 17
409 17
957 17
398 17
982 17
450 17
686 17
393 17
296 17
500 17
820 17
84 17
178 17
363 17
448 17
200 17
38 17
142 17
0 17
527 17
395 17
4 17
705 17
591 17
495 17
476 17
800 17
227 17
842 17
169 17
393 17
463 17
685 17
8 17
451 17
309 17
761 17
56 17
331 17
249 17
973 17
229 17
372 17
485 17
31 17
249 17
225 17
458 17
731 17
808 17
169 17
52 17
609 17
574 17
753 17
720 17
313 17
455 17
911 17
316 17
145 17
730 17
826 17
819 17
311 17
307 17
911 17
612 17
819 17
548 17
559 17
151 17
708 17
535 17
268 17
283 17
898 17
690 17
282 17
38 17
107 17
408 17
314 17
698 17
623 17
456 17
281 17
577 17
158 17
212 17
824 17
909 17
242 17
417 17
749 17
101 17
95 17
701 17
638 17
312 17
894 17
882 17
470 17
911 17
473 17
245 17
655 17
931 17
753 17
859 17
999 17
707 17
451 17
873 17
384 17
719 17
1 17
495 17
671 17
606 17
172 17
952 17
887 17
0 17
231 17
560 17
86 17
273 17
311 17
875 17
820 17
91 17
927 17
606 17
459 17
518 17
385 17
212 17
834 17
575 17
886 17
887 17
268 17
714 17
45 17
385 17
502 17
61 17
410 17
397 17
38 17
315 17
86 17
295 17
575 17
514 17
573 17
661 17
536 17
954 17
421 17
297 17
748 17
130 17
682 17
84 17
108 17
776 17
62 17
144 17
625 17
284 17
382 17
610 17
574 17
562 17
408 17
130 17
313 17
858 17
552 17
896 17
226 17
414 17
593 17
317 17
708 17
375 17
56 17
547 17
553 17
964 17
629 17
298 17
915 17
249 17
139 17
760 17
564 17
48 17
295 17
724 17
238 17
526 17
725 17
184 17
263 17
956 17
37 17
280 17
285 17
448 17
637 17
171 17
207 17
664 17
592 17
381 17
380 17
339 17
404 17
246 17
532 17
36 17
705 17
747 17
700 17
91 17
813 17
839 17
879 17
618 17
253 17
13 17
16 17
41 17
230 17
381 17
877 17
798 17
122 17
472 17
813 17
484 17
949 17
826 17
529 17
863 17
999 17
388 17
784 17
114 17
844 17
818 17
973 17
109 17
903 17
375 17
811 17
134 17
661 17
779 17
673 17
210 17
366 17
839 17
329 17
561 17
262 17
461 17
538 17
939 17
705 17
542 17
173 17
163 17
846 17
537 17
988 17
942 17
378 17
53 17
230 17
664 17
37 17
364 17
208 17
851 17
666 17
164 17
966 17
69 17
151 17
26 17
510 17
661 17
445 17
877 17
813 17
441 17
441 17
317 17
771 17
984 17
865 17
726 17
850 17
999 17
594 17
141 17
940 17
250 17
22 17
549 17
586 17
392 17
187 17
582 17
873 17
171 17
486 17
436 17
150 17
955 17
807 17
87 17
771 17
975 17
358 17
372 17
585 17
495 17
651 17
7 17
901 17
736 17
939 17
931 17
487 17
269 17
655 17
448 17
189 17
86 17
22 17
400 17
663 17
736 17
754 17
510 17
876 17
193 17
320 17
251 17
538 17
878 17
681 17
366 17
546 17
899 17
366 17
23 17
153 17
157 17
136 17
809 17
522 17
744 17
237 17
234 17
626 17
105 17
335 17
448 17
220 17
583 17
678 17
401 17
42 17
226 17
518 17
215 17
997 17
167 17
979 17
566 17
443 17
760 17
56 17
588 17
960 17
757 17
295 17
148 17
888 17
25 17
299 17
302 17
504 17
563 17
978 17
926 17
876 17
494 17
942 17
104 17
187 17
248 17
602 17
317 17
311 17
852 17
666 17
853 17
280 17
20 17
435 17
281 17
120 17
942 17
617 17
803 17
569 17
857 17
848 17
133 17
491 17
133 17
522 17
322 17
113 17
749 17
414 17
309 17
955 17
642 17
834 17
260 17
183 17
925 17
159 17
64 17
80 17
0 17
643 17
556 17
761 17
657 17
916 17
112 17
595 17
140 17
552 17
921 17
201 17
580 17
162 17
462 17
549 17
142 17
383 17
305 17
323 17
699 17
654 17
216 17
323 17
992 17
733 17
904 17
388 17
587 17
304 17
797 17
196 17
699 17
189 17
512 17
396 17
380 17
859 17
54 17
456 17
222 17
769 17
760 17
212 17
210 17
387 17
612 17
850 17
561 17
918 17
200 17
889 17
920 17
493 17
350 17
327 17
35 17
540 17
408 17
790 17
597 17
298 17
433 17
605 17
737 17
860 17
230 17
565 17
57 17
483 17
616 17
924 17
792 17
103 17
166 17
15 17
94 17
158 17
643 17
847 17
40 17
677 17
9 17
606 17
912 17
7 17
689 17
548 17
416 17
803 17
441 17
18 17
343 17
631 17
648 17
759 17
726 17
19 17
105 17
368 17
170 17
801 17
289 17
514 17
814 17
288 17
702 17
964 17
604 17
911 17
367 17
760 17
896 17
582 17
610 17
48 17
72 17
560 17
414 17
757 17
596 17
934 17
134 17
570 17
694 17
421 17
253 17
807 17
46 17
439 17
412 17
370 17
621 17
79 17
550 17
455 17
284 17
798 17
165 17
392 17
905 17
274 17
507 17
888 17
756 17
598 17
606 17
770 17
204 17
757 17
744 17
671 17
217 17
904 17
458 17
459 17
638 17
71 17
829 17
497 17
549 17
132 17
901 17
21 17
526 17
147 17
931 17
231 17
646 17
686 17
269 17
832 17
40 17
644 17
604 17
916 17
546 17
961 17
641 17
56 17
407 17
273 17
804 17
317 17
444 17
150 17
915 17
122 17
873 17
994 17
548 17
912 17
919 17
734 17
624 17
534 17
176 17
152 17
787 17
525 17
551 17
771 17
100 17
734 17
125 17
24 17
741 17
368 17
261 17
155 17
215 17
373 17
165 17
984 17
54 17
196 17
833 17
732 17
428 17
513 17
294 17
545 17
125 17
640 17
199 17
233 17
199 17
25 17
999 17
403 17
139 17
518 17
605 17
522 17
844 17
88 17
397 17
811 17
371 17
758 17
472 17
103 17
957 17
71 17
626 17
103 17
930 17
815 17
692 17
222 17
90 17
886 17
286 17
296 17
925 17
830 17
795 17
784 17
79 17
275 17
272 17
534 17
391 17
245 17
82 17
704 17
291 17
232 17
883 17
839 17
426 17
901 17
161 17
163 17
229 17
545 17
379 17
833 17
811 17
203 17
161 17
328 17
983 17
563 17
999 17
243 17
64 17
30 17
413 17
576 17
245 17
294 17
942 17
239 17
587 17
886 17
3 17
951 17
92 17
460 17
820 17
26 17
301 17
551 17
106 17
625 17
69 17
479 17
252 17
978 17
253 17
555 17
540 17
821 17
153 17
414 17
540 17
646 17
369 17
619 17
947 17
893 17
548 17
568 17
446 17
618 17
730 17
823 17
941 17
819 17
11 17
926 17
339 17
328 17
354 17
264 17
73 17
669 17
104 17
725 17
72 17
662 17
550 17
508 17
632 17
626 17
74 17
657 17
898 17
494 17
173 17
970 17
295 17
3 17
136 17
451 17
43 17
961 17
920 17
985 17
586 17
818 17
533 17
292 17
69 17
771 17
858 17
485 17
664 17
941 17
930 17
439 17
915 17
410 17
384 17
842 17
283 17
323 17
552 17
554 17
220 17
206 17
184 17
254 17
14 17
469 17
229 17
484 17
794 17
50 17
627 17
963 17
887 17
502 17
396 17
672 17
76 17
89 17
372 17
250 17
804 17
51 17
991 17
321 17
386 17
281 17
632 17
272 17
447 17
572 17
118 17
259 17
743 17
187 17
613 17
572 17
780 17
824 17
975 17
624 17
645 17
176 17
829 17
934 17
168 17
796 17
902 17
616 17
543 17
605 17
18 17
530 17
241 17
524 17
619 17
999 17
144 17
71 17
905 17
154 17
882 17
80 17
577 17
250 17
910 17
616 17
553 17
375 17
157 17
720 17
546 17
681 17
867 17
736 17
354 17
9 17
352 17
712 17
734 17
911 17
536 17
963 17
177 17
729 17
435 17
612 17
707 17
573 17
985 17
569 17
240 17
389 17
534 17
956 17
683 17
42 17
550 17
161 17
607 17
788 17
885 17
385 17
187 17
333 17
53 17
492 17
440 17
445 17
117 17
254 17
312 17
488 17
347 17
224 17
340 17
820 17
62 17
551 17
409 17
63 17
890 17
930 17
825 17
237 17
144 17
604 17
858 17
366 17
889 17
378 17
13 17
534 17
528 17
615 17
36 17
391 17
665 17
818 17
73 17
169 17
906 17
537 17
608 17
921 17
636 17
207 17
776 17
39 17
549 17
97 17
723 17
89 17
734 17
886 17
927 17
629 17
252 17
652 17
920 17
516 17
926 17
695 17
660 17
634 17
289 17
125 17
851 17
994 17
379 17
605 17
153 17
687 17
874 17
854 17
786 17
181 17
840 17
92 17
361 17
277 17
990 17
981 17
36 17
383 17
730 17
57 17
751 17
746 17
470 17
368 17
787 17
143 17
390 17
381 17
131 17
708 17
838 17
864 17
19 17
900 17
302 17
42 17
774 17
131 17
699 17
785 17
10 17
415 17
738 17
916 17
866 17
515 17
676 17
872 17
72 17
477 17
65 17
872 17
956 17
87 17
234 17
867 17
262 17
411 17
607 17
727 17
108 17
991 17
650 17
316 17
952 17
504 17
22 17
172 17
218 17
466 17
551 17
718 17
485 17
749 17
231 17
25 17
8 17
764 17
306 17
438 17
883 17
759 17
975 17
646 17
404 17
809 17
860 17
458 17
901 17
604 17
413 17
698 17
508 17
367 17
8 17
653 17
127 17
665 17
280 17
671 17
9 17
464 17
699 17
657 17
902 17
154 17
978 17
489 17
767 17
997 17
990 17
618 17
162 17
762 17
369 17
679 17
505 17
555 17
208 17
369 17
733 17
309 17
907 17
680 17
102 17
649 17
525 17
358 17
722 17
805 17
935 17
535 17
33 17
736 17
628 17
789 17
769 17
346 17
896 17
56 17
58 17
641 17
690 17
58 17
783 17
688 17
291 17
288 17
559 17
906 17
537 17
316 17
472 17
188 17
861 17
927 17
336 17
633 17
669 17
37 17
631 17
559 17
983 17
617 17
772 17
110 17
20 17
807 17
906 17
233 17
220 17
416 17
974 17
301 17
987 17
280 17
560 17
542 17
359 17
243 17
588 17
209 17
605 17
158 17
172 17
316 17
72 17
339 17
803 17
402 17
109 17
172 17
825 17
947 17
93 17
552 17
606 17
839 17
24 17
115 17
709 17
963 17
610 17
375 17
727 17
748 17
525 17
193 17
616 17
905 17
683 17
759 17
554 17
549 17
726 17
749 17
307 17
577 17
423 17
582 17
166 17
56 17
175 17
16 17
500 17
564 17
372 17
888 17
468 17
559 17
971 17
196 17
46 17
412 17
103 17
968 17
216 17
843 17
68 17
576 17
875 17
475 17
227 17
397 17
437 17
689 17
82 17
459 17
427 17
167 17
966 17
558 17
75 17
393 17
272 17
132 17
524 17
880 17
769 17
958 17
34 17
489 17
731 17
392 17
162 17
568 17
526 17
488 17
950 17
725 17
60 17
843 17
45 17
801 17
650 17
531 17
994 17
338 17
451 17
197 17
223 17
610 17
290 17
846 17
943 17
246 17
627 17
294 17
661 17
498 17
999 17
948 17
500 17
218 17
571 17
145 17
211 17
523 17
172 17
457 17
532 17
231 17
625 17
540 17
66 17
368 17
124 17
668 17
605 17
964 17
782 17
974 17
644 17
70 17
550 17
314 17
557 17
549 17
526 17
992 17
691 17
638 17
939 17
720 17
781 17
949 17
951 17
532 17
863 17
729 17
988 17
922 17
856 17
525 17
830 17
480 17
295 17
386 17
638 17
84 17
682 17
466 17
191 17
388 17
76 17
231 17
271 17
839 17
354 17
642 17
180 17
879 17
123 17
880 17
232 17
174 17
706 17
759 17
418 17
77 17
769 17
142 17
210 17
164 17
212 17
122 17
745 17
499 17
558 17
485 17
907 17
807 17
756 17
696 17
738 17
113 17
981 17
585 17
32 17
944 17
538 17
56 17
896 17
822 17
448 17
364 17
378 17
64 17
574 17
131 17
898 17
919 17
621 17
222 17
387 17
260 17
164 17
962 17
701 17
249 17
245 17
395 17
311 17
482 17
608 17
595 17
803 17
610 17
945 17
825 17
166 17
553 17
40 17
796 17
776 17
75 17
118 17
774 17
446 17
500 17
655 17
910 17
25 17
272 17
856 17
709 17
378 17
359 17
933 17
282 17
293 17
677 17
967 17
58 17
87 17
768 17
649 17
175 17
366 17
898 17
782 17
345 17
932 17
663 17
497 17
850 17
702 17
224 17
993 17
258 17
783 17
166 17
270 17
955 17
820 17
802 17
996 17
71 17
396 17
680 17
187 17
238 17
110 17
724 17
848 17
556 17
895 17
621 17
644 17
303 17
702 17
543 17
399 17
446 17
462 17
885 17
657 17
732 17
920 17
498 17
397 17
892 17
73 17
408 17
138 17
735 17
871 17
434 17
815 17
321 17
428 17
60 17
346 17
273 17
29 17
170 17
445 17
823 17
50 17
462 17
517 17
856 17
929 17
483 17
769 17
164 17
945 17
631 17
507 17
729 17
552 17
149 17
238 17
432 17
561 17
648 17
277 17
565 17
982 17
780 17
259 17
797 17
54 17
101 17
405 17
536 17
940 17
939 17
992 17
933 17
316 17
278 17
368 17
613 17
257 17
763 17
206 17
631 17
648 17
801 17
725 17
107 17
707 17
949 17
849 17
554 17
915 17
577 17
764 17
194 17
909 17
451 17
310 17
784 17
775 17
929 17
217 17
742 17
456 17
315 17
231 17
412 17
825 17
209 17
112 17
114 17
916 17
587 17
675 17
124 17
647 17
352 17
600 17
622 17
413 17
469 17
888 17
87 17
314 17
47 17
538 17
570 17
96 17
372 17
195 17
574 17
418 17
252 17
881 17
200 17
933 17
557 17
796 17
127 17
262 17
123 17
330 17
373 17
852 17
807 17
717 17
341 17
563 17
902 17
403 17
927 17
362 17
251 17
913 17
321 17
714 17
863 17
980 17
952 17
91 17
659 17
295 17
884 17
428 17
856 17
946 17
817 17
879 17
430 17
765 17
601 17
247 17
617 17
905 17
727 17
30 17
18 17
975 17
967 17
128 17
450 17
991 17
522 17
22 17
681 17
359 17
485 17
799 17
132 17
78 17
80 17
185 17
628 17
348 17
956 17
936 17
995 17
480 17
566 17
681 17
130 17
597 17
272 17
262 17
710 17
946 17
23 17
399 17
977 17
53 17
815 17
352 17
949 17
923 17
2 17
444 17
947 17
838 17
423 17
350 17
778 17
308 17
463 17
456 17
667 17
296 17
260 17
235 17
32 17
895 17
338 17
17 17
773 17
825 17
287 17
434 17
615 17
17 17
631 17
41 17
808 17
395 17
655 17
106 17
61 17
273 17
627 17
370 17
55 17
147 17
956 17
3 17
949 17
569 17
129 17
251 17
459 17
237 17
150 17
512 17
276 17
994 17
18 17
930 17
98 17
715 17
826 17
916 17
254 17
297 17
331 17
872 17
699 17
717 17
525 17
231 17
61 17
542 17
186 17
506 17
319 17
808 17
926 17
185 17
826 17
74 17
849 17
21 17
145 17
857 17
144 17
395 17
945 17
310 17
73 17
943 17
102 17
104 17
909 17
770 17
97 17
944 17
336 17
298 17
446 17
56 17
179 17
557 17
25 17
870 17
699 17
458 17
112 17
51 17
746 17
868 17
268 17
346 17
180 17
195 17
945 17
783 17
676 17
705 17
157 17
238 17
180 17
790 17
869 17
373 17
500 17
40 17
443 17
895 17
393 17
818 17
908 17
662 17
207 17
616 17
70 17
36 17
545 17
532 17
254 17
726 17
629 17
776 17
623 17
470 17
917 17
449 17
127 17
947 17
768 17
125 17
395 17
943 17
367 17
873 17
107 17
829 17
842 17
88 17
785 17
957 17
867 17
356 17
186 17
869 17
699 17
250 17
807 17
941 17
785 17
550 17
245 17
775 17
849 17
538 17
152 17
98 17
721 17
372 17
326 17
346 17
822 17
675 17
704 17
709 17
669 17
405 17
996 17
236 17
53 17
129 17
453 17
604 17
898 17
835 17
356 17
560 17
45 17
178 17
432 17
941 17
774 17
122 17
736 17
873 17
108 17
406 17
2 17
169 17
859 17
822 17
620 17
334 17
980 17
48 17
663 17
635 17
290 17
518 17
795 17
510 17
760 17
540 17
453 17
600 17
593 17
13 17
166 17
795 17
591 17
841 17
453 17
127 17
397 17
341 17
13 17
681 17
328 17
567 17
521 17
816 17
8 17
683 17
187 17
733 17
12 17
503 17
844 17
798 17
643 17
48 17
781 17
799 17
407 17
679 17
524 17
583 17
596 17
668 17
347 17
154 17
823 17
221 17
515 17
464 17
649 17
939 17
246 17
161 17
91 17
265 17
9 17
555 17
43 17
17 17
488 17
114 17
68 17
685 17
587 17
626 17
60 17
407 17
742 17
436 17
790 17
478 17
207 17
323 17
96 17
813 17
184 17
826 17
240 17
938 17
101 17
219 17
655 17
800 17
407 17
558 17
263 17
33 17
847 17
549 17
17 17
603 17
30 17
953 17
847 17
69 17
665 17
978 17
736 17
367 17
874 17
511 17
722 17
180 17
505 17
88 17
393 17
333 17
810 17
765 17
989 17
842 17
391 17
254 17
866 17
239 17
70 17
965 17
914 17
858 17
486 17
459 17
237 17
773 17
835 17
558 17
200 17
964 17
265 17
204 17
419 17
524 17
772 17
550 17
757 17
93 17
534 17
500 17
74 17
566 17
642 17
9 17
668 17
76 17
406 17
435 17
751 17
158 17
509 17
209 17
366 17
928 17
58 17
177 17
828 17
450 17
121 17
453 17
293 17
29 17
215 17
489 17
779 17
545 17
106 17
580 17
924 17
846 17
602 17
481 17
992 17
157 17
855 17
649 17
576 17
961 17
485 17
838 17
666 17
440 17
882 17
854 17
593 17
960 17
480 17
626 17
985 17
128 17
357 17
818 17
537 17
292 17
63 17
488 17
825 17
636 17
566 17
413 17
755 17
66 17
866 17
187 17
142 17
310 17
147 17
609 17
269 17
551 17
816 17
908 17
214 17
576 17
223 17
632 17
46 17
45 17
594 17
155 17
993 17
937 17
403 17
402 17
552 17
38 17
918 17
699 17
668 17
431 17
261 17
621 17
614 17
437 17
697 17
256 17
809 17
844 17
83 17
437 17
143 17
714 17
947 17
513 17
143 17
708 17
816 17
356 17
584 17
548 17
518 17
216 17
896 17
714 17
958 17
656 17
86 17
190 17
383 17
662 17
301 17
168 17
514 17
17 17
329 17
548 17
347 17
970 17
148 17
13 17
35 17
305 17
793 17
925 17
643 17
89 17
434 17
662 17
923 17
540 17
437 17
944 17
136 17
652 17
97 17
919 17
107 17
696 17
70 17
792 17
198 17
671 17
451 17
873 17
331 17
995 17
825 17
634 17
381 17
285 17
796 17
988 17
855 17
970 17
521 17
12 17
483 17
607 17
755 17
523 17
338 17
398 17
144 17
637 17
34 17
92 17
137 17
733 17
223 17
318 17
582 17
537 17
496 17
528 17
559 17
351 17
266 17
161 17
816 17
468 17
570 17
590 17
508 17
772 17
43 17
530 17
258 17
28 17
399 17
167 17
925 17
551 17
258 17
76 17
405 17
960 17
242 17
59 17
707 17
765 17
147 17
414 17
937 17
77 17
128 17
293 17
72 17
318 17
628 17
574 17
339 17
269 17
38 17
561 17
881 17
11 17
882 17
911 17
232 17
0 17
547 17
655 17
805 17
630 17
383 17
252 17
208 17
333 17
164 17
615 17
715 17
950 17
558 17
628 17
691 17
679 17
890 17
611 17
976 17
978 17
940 17
