982 15
522 15
963 15
601 15
883 15
919 15
997 15
288 15
55 15
481 15
325 15
836 15
91 15
71 15
461 15
45 15
210 15
291 15
448 15
15 15
942 15
410 15
178 15
188 15
200 15
199 15
647 15
147 15
598 15
108 15
937 15
163 15
798 15
854 15
451 15
648 15
113 15
667 15
682 15
592 15
355 15
851 15
772 15
563 15
407 15
945 15
336 15
501 15
367 15
908 15
85 15
138 15
513 15
702 15
863 15
700 15
830 15
384 15
924 15
340 15
804 15
832 15
244 15
475 15
803 15
224 15
615 15
683 15
508 15
332 15
88 15
495 15
4 15
800 15
855 15
683 15
497 15
91 15
77 15
281 15
908 15
676 15
224 15
498 15
604 15
248 15
502 15
478 15
116 15
989 15
303 15
232 15
314 15
551 15
299 15
720 15
72 15
844 15
778 15
222 15
255 15
965 15
650 15
112 15
479 15
51 15
971 15
264 15
276 15
900 15
647 15
589 15
435 15
689 15
773 15
581 15
274 15
613 15
340 15
28 15
901 15
692 15
612 15
571 15
364 15
709 15
913 15
512 15
226 15
94 15
377 15
669 15
544 15
650 15
629 15
752 15
552 15
538 15
292 15
519 15
782 15
781 15
554 15
773 15
360 15
181 15
231 15
789 15
903 15
992 15
196 15
26 15
45 15
623 15
577 15
177 15
454 15
55 15
498 15
916 15
724 15
649 15
208 15
980 15
522 15
904 15
915 15
242 15
458 15
271 15
277 15
498 15
138 15
492 15
482 15
204 15
232 15
5 15
372 15
536 15
327 15
358 15
74 15
102 15
698 15
524 15
360 15
543 15
821 15
232 15
634 15
203 15
91 15
43 15
179 15
344 15
881 15
251 15
474 15
43 15
361 15
815 15
243 15
103 15
44 15
149 15
124 15
519 15
647 15
909 15
390 15
921 15
46 15
226 15
427 15
314 15
774 15
37 15
335 15
584 15
915 15
501 15
510 15
319 15
378 15
239 15
373 15
67 15
497 15
405 15
717 15
23 15
11 15
982 15
954 15
800 15
407 15
763 15
163 15
858 15
624 15
153 15
930 15
869 15
512 15
816 15
26 15
506 15
357 15
679 15
584 15
256 15
237 15
17 15
313 15
173 15
150 15
568 15
547 15
611 15
766 15
636 15
977 15
130 15
409 15
648 15
382 15
67 15
721 15
10 15
643 15
168 15
160 15
581 15
747 15
502 15
377 15
541 15
971 15
524 15
156 15
134 15
743 15
563 15
472 15
129 15
32 15
593 15
2 15
571 15
953 15
755 15
220 15
68 15
377 15
967 15
849 15
513 15
843 15
835 15
173 15
927 15
952 15
214 15
370 15
325 15
23 15
161 15
173 15
884 15
587 15
778 15
102 15
110 15
762 15
317 15
918 15
344 15
21 15
846 15
363 15
789 15
467 15
799 15
431 15
176 15
929 15
450 15
903 15
389 15
724 15
773 15
503 15
541 15
839 15
128 15
387 15
557 15
480 15
531 15
544 15
258 15
172 15
32 15
416 15
394 15
755 15
106 15
580 15
610 15
926 15
489 15
365 15
624 15
637 15
491 15
379 15
524 15
325 15
241 15
830 15
952 15
630 15
699 15
835 15
321 15
579 15
185 15
198 15
96 15
155 15
943 15
22 15
362 15
404 15
707 15
238 15
120 15
727 15
367 15
255 15
564 15
14 15
717 15
163 15
753 15
34 15
804 15
332 15
29 15
586 15
254 15
299 15
502 15
597 15
595 15
13 15
965 15
289 15
126 15
607 15
196 15
508 15
257 15
355 15
704 15
759 15
231 15
651 15
467 15
442 15
494 15
273 15
497 15
162 15
104 15
105 15
788 15
231 15
916 15
838 15
126 15
419 15
486 15
1 15
130 15
909 15
263 15
673 15
312 15
147 15
474 15
420 15
883 15
590 15
397 15
211 15
681 15
655 15
616 15
107 15
574 15
160 15
581 15
840 15
181 15
661 15
892 15
924 15
61 15
376 15
273 15
5 15
227 15
548 15
268 15
101 15
770 15
562 15
901 15
243 15
636 15
543 15
90 15
335 15
299 15
615 15
927 15
10 15
168 15
386 15
137 15
243 15
951 15
356 15
375 15
430 15
821 15
379 15
805 15
960 15
255 15
97 15
326 15
61 15
305 15
921 15
5 15
282 15
240 15
271 15
952 15
551 15
13 15
592 15
738 15
68 15
14 15
873 15
228 15
964 15
674 15
579 15
831 15
615 15
736 15
291 15
328 15
785 15
325 15
280 15
288 15
760 15
48 15
246 15
463 15
315 15
20 15
903 15
469 15
53 15
417 15
961 15
757 15
657 15
783 15
579 15
998 15
832 15
809 15
297 15
118 15
245 15
650 15
575 15
149 15
898 15
814 15
985 15
108 15
908 15
15 15
1 15
553 15
712 15
3 15
138 15
216 15
169 15
958 15
865 15
927 15
930 15
402 15
76 15
726 15
773 15
367 15
418 15
305 15
334 15
896 15
130 15
379 15
826 15
716 15
688 15
433 15
473 15
429 15
338 15
144 15
362 15
705 15
249 15
948 15
110 15
179 15
114 15
358 15
244 15
718 15
524 15
56 15
60 15
29 15
148 15
832 15
799 15
889 15
396 15
168 15
899 15
319 15
2 15
606 15
981 15
989 15
964 15
429 15
175 15
298 15
938 15
910 15
929 15
335 15
388 15
300 15
539 15
998 15
706 15
331 15
72 15
925 15
802 15
756 15
911 15
807 15
540 15
864 15
203 15
95 15
218 15
566 15
347 15
322 15
179 15
483 15
819 15
728 15
830 15
501 15
729 15
222 15
676 15
212 15
852 15
972 15
366 15
413 15
357 15
54 15
478 15
701 15
322 15
273 15
145 15
862 15
200 15
548 15
321 15
289 15
334 15
496 15
345 15
936 15
401 15
893 15
802 15
926 15
233 15
442 15
651 15
422 15
346 15
912 15
629 15
781 15
446 15
900 15
12 15
301 15
488 15
952 15
65 15
567 15
116 15
85 15
580 15
411 15
26 15
295 15
327 15
887 15
242 15
141 15
694 15
874 15
209 15
163 15
243 15
404 15
817 15
494 15
110 15
796 15
247 15
3 15
337 15
165 15
301 15
436 15
785 15
918 15
656 15
32 15
240 15
477 15
828 15
302 15
544 15
151 15
531 15
22 15
930 15
454 15
68 15
812 15
908 15
831 15
576 15
154 15
921 15
15 15
104 15
984 15
803 15
530 15
163 15
819 15
588 15
176 15
948 15
407 15
489 15
581 15
999 15
466 15
527 15
955 15
444 15
831 15
384 15
661 15
108 15
140 15
998 15
810 15
584 15
609 15
952 15
293 15
122 15
500 15
234 15
157 15
931 15
77 15
534 15
182 15
763 15
43 15
121 15
443 15
551 15
954 15
497 15
885 15
660 15
658 15
194 15
581 15
449 15
485 15
920 15
498 15
627 15
372 15
982 15
880 15
819 15
702 15
85 15
717 15
802 15
639 15
64 15
1 15
412 15
361 15
116 15
105 15
890 15
945 15
669 15
0 15
993 15
936 15
580 15
715 15
857 15
196 15
389 15
743 15
352 15
579 15
924 15
578 15
428 15
92 15
183 15
834 15
319 15
330 15
343 15
486 15
244 15
733 15
56 15
39 15
353 15
726 15
464 15
370 15
133 15
47 15
972 15
861 15
168 15
125 15
142 15
643 15
882 15
868 15
763 15
830 15
19 15
61 15
64 15
416 15
802 15
422 15
917 15
902 15
314 15
350 15
458 15
498 15
318 15
595 15
878 15
611 15
204 15
562 15
366 15
531 15
431 15
243 15
834 15
805 15
607 15
486 15
691 15
528 15
588 15
229 15
833 15
797 15
184 15
712 15
713 15
905 15
18 15
695 15
268 15
239 15
750 15
160 15
634 15
237 15
585 15
941 15
949 15
553 15
219 15
113 15
27 15
225 15
325 15
631 15
451 15
852 15
594 15
406 15
672 15
399 15
546 15
533 15
123 15
288 15
938 15
111 15
274 15
57 15
175 15
787 15
447 15
169 15
528 15
892 15
60 15
381 15
220 15
215 15
106 15
198 15
208 15
166 15
689 15
159 15
355 15
984 15
834 15
310 15
581 15
962 15
112 15
996 15
185 15
319 15
805 15
907 15
212 15
383 15
24 15
227 15
198 15
103 15
979 15
136 15
781 15
892 15
979 15
164 15
392 15
581 15
322 15
829 15
329 15
653 15
742 15
34 15
676 15
418 15
692 15
207 15
12 15
77 15
927 15
130 15
765 15
494 15
66 15
562 15
732 15
171 15
526 15
12 15
66 15
676 15
604 15
25 15
119 15
143 15
852 15
111 15
12 15
723 15
174 15
617 15
529 15
411 15
902 15
158 15
493 15
433 15
221 15
836 15
691 15
180 15
986 15
118 15
681 15
895 15
31 15
313 15
356 15
167 15
688 15
567 15
128 15
505 15
246 15
190 15
156 15
726 15
962 15
409 15
162 15
797 15
325 15
72 15
779 15
35 15
115 15
638 15
169 15
177 15
57 15
439 15
910 15
881 15
532 15
84 15
34 15
334 15
944 15
365 15
714 15
336 15
674 15
249 15
947 15
361 15
757 15
861 15
175 15
111 15
872 15
407 15
718 15
910 15
625 15
373 15
917 15
177 15
307 15
975 15
324 15
781 15
211 15
478 15
825 15
731 15
17 15
407 15
99 15
719 15
721 15
544 15
297 15
393 15
936 15
438 15
104 15
944 15
316 15
601 15
427 15
838 15
37 15
533 15
317 15
460 15
752 15
53 15
562 15
10 15
138 15
525 15
923 15
91 15
504 15
404 15
129 15
171 15
645 15
436 15
64 15
774 15
710 15
168 15
13 15
463 15
455 15
682 15
603 15
745 15
424 15
734 15
934 15
550 15
490 15
670 15
610 15
161 15
716 15
82 15
294 15
946 15
250 15
715 15
274 15
238 15
108 15
885 15
784 15
167 15
973 15
415 15
503 15
367 15
114 15
168 15
201 15
973 15
914 15
208 15
991 15
506 15
733 15
944 15
315 15
139 15
405 15
383 15
578 15
11 15
841 15
138 15
724 15
635 15
649 15
782 15
428 15
129 15
235 15
485 15
651 15
963 15
924 15
27 15
865 15
438 15
330 15
940 15
403 15
392 15
158 15
573 15
552 15
717 15
175 15
131 15
661 15
938 15
25 15
299 15
905 15
868 15
85 15
383 15
306 15
188 15
338 15
18 15
510 15
377 15
401 15
849 15
822 15
634 15
510 15
861 15
69 15
111 15
298 15
993 15
830 15
962 15
157 15
972 15
691 15
552 15
337 15
684 15
498 15
374 15
627 15
104 15
226 15
505 15
354 15
839 15
443 15
702 15
665 15
18 15
667 15
435 15
73 15
635 15
661 15
424 15
911 15
545 15
100 15
717 15
710 15
793 15
110 15
562 15
797 15
690 15
148 15
893 15
321 15
117 15
485 15
267 15
581 15
520 15
553 15
870 15
581 15
285 15
451 15
855 15
819 15
315 15
656 15
577 15
304 15
201 15
981 15
282 15
612 15
690 15
13 15
526 15
641 15
402 15
327 15
161 15
874 15
451 15
702 15
497 15
65 15
484 15
154 15
646 15
669 15
535 15
995 15
335 15
498 15
438 15
950 15
803 15
971 15
193 15
233 15
632 15
986 15
198 15
384 15
587 15
64 15
621 15
234 15
548 15
281 15
79 15
573 15
525 15
910 15
427 15
765 15
88 15
934 15
332 15
444 15
146 15
438 15
226 15
468 15
696 15
701 15
548 15
624 15
540 15
37 15
943 15
232 15
428 15
91 15
750 15
803 15
671 15
832 15
206 15
783 15
309 15
432 15
84 15
204 15
738 15
543 15
37 15
110 15
510 15
475 15
545 15
865 15
692 15
53 15
749 15
703 15
861 15
529 15
108 15
893 15
473 15
621 15
10 15
164 15
225 15
351 15
365 15
499 15
67 15
670 15
8 15
529 15
323 15
986 15
157 15
664 15
387 15
312 15
294 15
725 15
943 15
958 15
495 15
212 15
55 15
709 15
932 15
193 15
586 15
884 15
851 15
769 15
251 15
984 15
462 15
487 15
347 15
457 15
423 15
138 15
419 15
552 15
768 15
219 15
891 15
485 15
430 15
661 15
228 15
781 15
513 15
973 15
527 15
617 15
499 15
153 15
936 15
314 15
922 15
133 15
954 15
504 15
148 15
328 15
600 15
249 15
870 15
293 15
133 15
942 15
529 15
454 15
361 15
753 15
89 15
906 15
81 15
163 15
131 15
687 15
378 15
363 15
755 15
715 15
161 15
217 15
399 15
20 15
682 15
256 15
844 15
248 15
203 15
481 15
707 15
494 15
988 15
820 15
295 15
899 15
517 15
562 15
253 15
737 15
771 15
758 15
401 15
922 15
489 15
202 15
257 15
634 15
168 15
765 15
928 15
194 15
11 15
138 15
161 15
689 15
233 15
380 15
46 15
77 15
695 15
701 15
796 15
959 15
225 15
150 15
844 15
261 15
325 15
25 15
209 15
577 15
221 15
58 15
177 15
822 15
839 15
644 15
91 15
66 15
234 15
199 15
139 15
127 15
367 15
591 15
180 15
740 15
650 15
585 15
283 15
329 15
427 15
638 15
747 15
951 15
398 15
362 15
931 15
358 15
915 15
390 15
936 15
824 15
618 15
825 15
904 15
122 15
951 15
461 15
861 15
403 15
917 15
862 15
489 15
965 15
147 15
29 15
252 15
761 15
456 15
859 15
272 15
399 15
796 15
257 15
229 15
307 15
884 15
172 15
806 15
626 15
769 15
814 15
230 15
284 15
590 15
887 15
664 15
652 15
717 15
755 15
259 15
114 15
893 15
525 15
870 15
9 15
169 15
201 15
21 15
692 15
680 15
470 15
232 15
68 15
948 15
618 15
572 15
925 15
473 15
72 15
33 15
727 15
188 15
557 15
936 15
927 15
758 15
113 15
398 15
989 15
220 15
800 15
969 15
57 15
228 15
936 15
613 15
583 15
534 15
100 15
676 15
665 15
708 15
239 15
800 15
899 15
528 15
709 15
150 15
770 15
289 15
459 15
409 15
822 15
593 15
799 15
232 15
535 15
453 15
210 15
381 15
339 15
738 15
713 15
115 15
653 15
745 15
611 15
35 15
930 15
134 15
165 15
475 15
660 15
139 15
377 15
988 15
521 15
228 15
917 15
750 15
182 15
383 15
24 15
410 15
493 15
154 15
847 15
980 15
919 15
624 15
526 15
611 15
26 15
417 15
426 15
438 15
330 15
781 15
155 15
588 15
358 15
149 15
6 15
472 15
586 15
735 15
704 15
455 15
610 15
916 15
152 15
832 15
270 15
31 15
627 15
920 15
680 15
212 15
675 15
910 15
866 15
242 15
673 15
929 15
365 15
486 15
631 15
724 15
613 15
102 15
378 15
795 15
104 15
87 15
797 15
878 15
765 15
84 15
377 15
479 15
753 15
979 15
120 15
896 15
500 15
45 15
713 15
62 15
922 15
850 15
141 15
580 15
318 15
79 15
688 15
838 15
737 15
718 15
979 15
803 15
488 15
391 15
415 15
557 15
204 15
808 15
844 15
513 15
978 15
718 15
103 15
637 15
426 15
191 15
554 15
251 15
485 15
846 15
981 15
609 15
856 15
666 15
138 15
409 15
614 15
508 15
534 15
564 15
809 15
379 15
195 15
382 15
64 15
925 15
811 15
238 15
29 15
852 15
351 15
845 15
949 15
930 15
870 15
440 15
34 15
843 15
129 15
851 15
78 15
734 15
251 15
972 15
117 15
103 15
829 15
705 15
917 15
612 15
975 15
408 15
18 15
666 15
611 15
265 15
394 15
907 15
28 15
657 15
479 15
766 15
300 15
278 15
755 15
52 15
642 15
130 15
525 15
754 15
498 15
118 15
729 15
144 15
807 15
996 15
54 15
517 15
52 15
441 15
825 15
564 15
496 15
645 15
200 15
735 15
151 15
64 15
400 15
926 15
861 15
443 15
839 15
428 15
285 15
864 15
790 15
671 15
144 15
912 15
366 15
442 15
906 15
175 15
740 15
880 15
358 15
221 15
55 15
215 15
273 15
883 15
797 15
367 15
108 15
168 15
237 15
582 15
683 15
120 15
920 15
297 15
322 15
768 15
345 15
896 15
183 15
432 15
955 15
423 15
739 15
525 15
986 15
565 15
323 15
250 15
249 15
795 15
883 15
242 15
699 15
466 15
657 15
741 15
309 15
273 15
871 15
461 15
752 15
690 15
746 15
843 15
492 15
712 15
96 15
683 15
64 15
560 15
886 15
617 15
455 15
72 15
919 15
886 15
148 15
888 15
465 15
611 15
934 15
444 15
914 15
713 15
174 15
651 15
632 15
938 15
533 15
807 15
173 15
183 15
803 15
289 15
313 15
455 15
26 15
128 15
98 15
177 15
433 15
166 15
46 15
775 15
460 15
55 15
425 15
263 15
569 15
871 15
626 15
606 15
685 15
783 15
479 15
155 15
93 15
620 15
265 15
718 15
665 15
164 15
483 15
387 15
338 15
445 15
796 15
31 15
44 15
12 15
668 15
550 15
159 15
87 15
707 15
94 15
632 15
368 15
676 15
331 15
876 15
310 15
144 15
352 15
996 15
601 15
239 15
759 15
235 15
498 15
554 15
621 15
93 15
869 15
636 15
933 15
66 15
700 15
495 15
519 15
216 15
73 15
106 15
213 15
431 15
343 15
480 15
938 15
669 15
566 15
132 15
767 15
866 15
73 15
640 15
947 15
142 15
526 15
45 15
55 15
974 15
689 15
405 15
195 15
917 15
453 15
356 15
592 15
959 15
128 15
661 15
603 15
281 15
402 15
249 15
275 15
492 15
986 15
314 15
391 15
961 15
925 15
77 15
663 15
342 15
884 15
830 15
621 15
734 15
584 15
822 15
631 15
623 15
733 15
183 15
581 15
349 15
152 15
776 15
593 15
420 15
127 15
579 15
888 15
682 15
507 15
36 15
379 15
875 15
244 15
917 15
218 15
558 15
786 15
572 15
422 15
957 15
91 15
214 15
289 15
170 15
989 15
92 15
253 15
492 15
426 15
172 15
69 15
369 15
923 15
259 15
724 15
773 15
795 15
317 15
168 15
417 15
297 15
767 15
499 15
943 15
193 15
252 15
302 15
602 15
520 15
124 15
593 15
42 15
889 15
643 15
227 15
461 15
249 15
365 15
675 15
193 15
860 15
967 15
353 15
373 15
305 15
41 15
356 15
376 15
337 15
567 15
601 15
881 15
303 15
407 15
164 15
205 15
21 15
805 15
39 15
479 15
91 15
993 15
532 15
682 15
236 15
354 15
88 15
722 15
839 15
756 15
150 15
889 15
950 15
309 15
932 15
949 15
183 15
990 15
734 15
862 15
709 15
325 15
678 15
230 15
914 15
167 15
357 15
121 15
579 15
618 15
41 15
731 15
128 15
752 15
130 15
369 15
158 15
991 15
210 15
751 15
35 15
46 15
273 15
697 15
238 15
138 15
970 15
13 15
984 15
551 15
238 15
429 15
283 15
658 15
915 15
555 15
197 15
139 15
296 15
438 15
825 15
288 15
16 15
633 15
994 15
940 15
8 15
474 15
109 15
38 15
927 15
903 15
490 15
750 15
593 15
244 15
710 15
90 15
607 15
354 15
665 15
919 15
151 15
729 15
407 15
667 15
756 15
998 15
677 15
319 15
722 15
80 15
193 15
898 15
608 15
580 15
966 15
457 15
194 15
433 15
11 15
835 15
921 15
710 15
655 15
384 15
546 15
751 15
956 15
809 15
72 15
310 15
5 15
570 15
222 15
21 15
36 15
772 15
965 15
842 15
700 15
568 15
430 15
396 15
624 15
446 15
949 15
98 15
111 15
275 15
675 15
155 15
405 15
873 15
822 15
96 15
967 15
744 15
687 15
493 15
282 15
810 15
247 15
566 15
408 15
444 15
615 15
126 15
912 15
193 15
51 15
899 15
113 15
313 15
410 15
126 15
763 15
966 15
284 15
814 15
274 15
71 15
200 15
84 15
583 15
509 15
553 15
145 15
341 15
27 15
493 15
491 15
685 15
514 15
338 15
950 15
943 15
594 15
245 15
928 15
397 15
573 15
528 15
765 15
461 15
542 15
879 15
209 15
748 15
151 15
896 15
484 15
465 15
528 15
77 15
247 15
525 15
547 15
974 15
596 15
485 15
963 15
679 15
948 15
561 15
605 15
692 15
419 15
533 15
543 15
29 15
493 15
977 15
38 15
922 15
772 15
678 15
187 15
764 15
593 15
408 15
501 15
573 15
96 15
659 15
266 15
797 15
608 15
827 15
166 15
930 15
359 15
4 15
447 15
811 15
605 15
674 15
487 15
425 15
863 15
758 15
648 15
811 15
692 15
654 15
926 15
28 15
812 15
480 15
205 15
179 15
659 15
819 15
540 15
855 15
781 15
633 15
385 15
845 15
292 15
965 15
556 15
415 15
805 15
189 15
928 15
3 15
673 15
980 15
660 15
93 15
343 15
847 15
927 15
330 15
959 15
769 15
482 15
82 15
801 15
830 15
639 15
521 15
883 15
673 15
103 15
226 15
641 15
226 15
98 15
272 15
871 15
775 15
127 15
675 15
562 15
549 15
196 15
507 15
277 15
835 15
79 15
221 15
552 15
107 15
194 15
151 15
434 15
311 15
925 15
360 15
367 15
52 15
678 15
641 15
860 15
773 15
987 15
555 15
487 15
983 15
808 15
35 15
932 15
748 15
68 15
825 15
499 15
207 15
278 15
633 15
997 15
227 15
901 15
691 15
404 15
551 15
4 15
757 15
842 15
938 15
253 15
403 15
586 15
431 15
748 15
976 15
771 15
469 15
484 15
956 15
147 15
630 15
688 15
522 15
544 15
306 15
143 15
125 15
370 15
263 15
778 15
654 15
44 15
743 15
154 15
13 15
49 15
254 15
906 15
73 15
275 15
671 15
588 15
725 15
942 15
218 15
15 15
986 15
835 15
380 15
110 15
315 15
633 15
178 15
756 15
489 15
110 15
883 15
347 15
3 15
84 15
210 15
989 15
305 15
62 15
693 15
793 15
373 15
817 15
613 15
159 15
743 15
592 15
122 15
559 15
