460 16
626 16
993 16
877 16
890 16
893 16
202 16
718 16
868 16
10 16
289 16
269 16
230 16
371 16
861 16
729 16
371 16
460 16
623 16
703 16
143 16
620 16
29 16
560 16
274 16
607 16
95 16
635 16
869 16
370 16
910 16
255 16
165 16
979 16
980 16
406 16
492 16
402 16
303 16
353 16
662 16
751 16
712 16
956 16
729 16
689 16
920 16
974 16
166 16
568 16
177 16
264 16
917 16
641 16
210 16
87 16
517 16
412 16
829 16
912 16
904 16
490 16
755 16
199 16
364 16
72 16
135 16
603 16
102 16
643 16
599 16
529 16
26 16
135 16
958 16
756 16
701 16
472 16
231 16
126 16
219 16
916 16
804 16
118 16
5 16
155 16
429 16
206 16
722 16
899 16
797 16
47 16
486 16
597 16
45 16
59 16
496 16
638 16
596 16
879 16
909 16
459 16
102 16
259 16
186 16
148 16
16 16
520 16
758 16
627 16
326 16
381 16
206 16
594 16
956 16
213 16
682 16
782 16
369 16
40 16
485 16
387 16
314 16
452 16
307 16
53 16
563 16
288 16
715 16
617 16
823 16
598 16
875 16
622 16
64 16
843 16
786 16
604 16
298 16
252 16
752 16
879 16
538 16
294 16
746 16
879 16
813 16
65 16
778 16
743 16
115 16
402 16
44 16
711 16
666 16
612 16
899 16
521 16
710 16
522 16
969 16
541 16
830 16
364 16
109 16
569 16
722 16
564 16
791 16
865 16
424 16
836 16
95 16
382 16
102 16
613 16
924 16
990 16
130 16
918 16
56 16
665 16
934 16
39 16
880 16
915 16
935 16
217 16
506 16
338 16
668 16
893 16
535 16
62 16
803 16
109 16
720 16
855 16
95 16
715 16
660 16
480 16
670 16
844 16
823 16
159 16
239 16
776 16
815 16
853 16
561 16
985 16
928 16
264 16
734 16
69 16
743 16
866 16
246 16
169 16
220 16
6 16
392 16
44 16
584 16
391 16
467 16
342 16
22 16
581 16
739 16
123 16
254 16
357 16
567 16
728 16
132 16
251 16
511 16
705 16
680 16
903 16
875 16
980 16
558 16
553 16
791 16
230 16
893 16
626 16
107 16
55 16
837 16
585 16
382 16
420 16
273 16
126 16
314 16
138 16
925 16
830 16
314 16
66 16
881 16
828 16
633 16
685 16
546 16
945 16
532 16
53 16
866 16
967 16
887 16
909 16
110 16
975 16
798 16
382 16
998 16
965 16
105 16
735 16
145 16
189 16
835 16
313 16
342 16
37 16
220 16
292 16
975 16
79 16
217 16
273 16
552 16
625 16
893 16
886 16
838 16
338 16
946 16
335 16
378 16
491 16
512 16
215 16
332 16
479 16
238 16
122 16
964 16
825 16
542 16
870 16
172 16
225 16
617 16
14 16
218 16
658 16
452 16
218 16
290 16
859 16
155 16
791 16
87 16
560 16
82 16
398 16
946 16
644 16
867 16
436 16
283 16
757 16
65 16
646 16
468 16
812 16
323 16
990 16
422 16
512 16
228 16
550 16
402 16
246 16
631 16
544 16
58 16
367 16
135 16
703 16
720 16
614 16
605 16
222 16
244 16
284 16
499 16
827 16
819 16
658 16
957 16
840 16
122 16
234 16
575 16
598 16
490 16
347 16
17 16
742 16
486 16
303 16
632 16
765 16
176 16
802 16
582 16
370 16
233 16
977 16
681 16
360 16
31 16
589 16
153 16
659 16
464 16
659 16
779 16
921 16
957 16
361 16
779 16
526 16
282 16
623 16
510 16
595 16
730 16
887 16
973 16
677 16
880 16
434 16
909 16
670 16
592 16
185 16
964 16
114 16
443 16
525 16
566 16
343 16
721 16
963 16
781 16
873 16
825 16
831 16
927 16
562 16
4 16
580 16
665 16
355 16
376 16
374 16
338 16
826 16
889 16
596 16
386 16
272 16
233 16
789 16
209 16
804 16
247 16
934 16
684 16
1 16
590 16
557 16
314 16
354 16
100 16
485 16
564 16
190 16
195 16
390 16
363 16
251 16
565 16
136 16
756 16
115 16
640 16
324 16
926 16
349 16
145 16
23 16
580 16
106 16
132 16
332 16
510 16
950 16
642 16
253 16
138 16
326 16
619 16
982 16
400 16
852 16
59 16
830 16
131 16
747 16
937 16
186 16
531 16
617 16
66 16
752 16
783 16
705 16
685 16
741 16
999 16
602 16
647 16
779 16
216 16
376 16
6 16
179 16
457 16
685 16
195 16
995 16
107 16
987 16
473 16
891 16
845 16
128 16
914 16
922 16
780 16
319 16
184 16
104 16
466 16
63 16
88 16
96 16
958 16
226 16
571 16
669 16
433 16
500 16
103 16
669 16
113 16
366 16
819 16
877 16
174 16
294 16
991 16
795 16
737 16
573 16
961 16
226 16
21 16
724 16
76 16
222 16
413 16
164 16
243 16
612 16
389 16
393 16
36 16
533 16
381 16
18 16
823 16
615 16
88 16
263 16
989 16
640 16
347 16
727 16
182 16
216 16
33 16
262 16
3 16
73 16
242 16
415 16
858 16
302 16
964 16
292 16
439 16
733 16
770 16
623 16
687 16
682 16
440 16
627 16
440 16
114 16
609 16
548 16
581 16
129 16
240 16
656 16
734 16
312 16
18 16
424 16
579 16
534 16
517 16
223 16
465 16
538 16
34 16
462 16
678 16
715 16
549 16
82 16
166 16
980 16
13 16
507 16
463 16
958 16
551 16
201 16
554 16
876 16
445 16
845 16
936 16
197 16
12 16
185 16
644 16
330 16
459 16
853 16
824 16
141 16
855 16
103 16
735 16
665 16
35 16
494 16
321 16
980 16
709 16
12 16
269 16
534 16
964 16
989 16
800 16
348 16
406 16
544 16
404 16
430 16
541 16
889 16
109 16
705 16
241 16
424 16
220 16
513 16
425 16
962 16
862 16
191 16
819 16
353 16
871 16
219 16
675 16
971 16
944 16
734 16
328 16
292 16
352 16
383 16
986 16
825 16
374 16
48 16
480 16
442 16
308 16
396 16
222 16
491 16
807 16
471 16
395 16
992 16
211 16
610 16
600 16
82 16
115 16
305 16
813 16
841 16
127 16
155 16
942 16
280 16
798 16
726 16
10 16
920 16
955 16
92 16
636 16
722 16
620 16
102 16
394 16
197 16
548 16
595 16
763 16
488 16
315 16
420 16
574 16
604 16
459 16
552 16
197 16
649 16
571 16
943 16
480 16
676 16
569 16
454 16
102 16
746 16
304 16
422 16
751 16
99 16
785 16
504 16
428 16
213 16
718 16
337 16
416 16
340 16
106 16
78 16
896 16
715 16
284 16
557 16
213 16
786 16
386 16
127 16
291 16
861 16
1 16
645 16
378 16
844 16
611 16
798 16
801 16
260 16
682 16
299 16
962 16
985 16
424 16
128 16
552 16
446 16
609 16
247 16
982 16
363 16
88 16
162 16
473 16
2 16
847 16
604 16
37 16
998 16
906 16
580 16
718 16
48 16
698 16
607 16
741 16
623 16
727 16
834 16
634 16
267 16
575 16
857 16
456 16
423 16
859 16
879 16
404 16
352 16
737 16
834 16
591 16
718 16
788 16
762 16
355 16
591 16
967 16
158 16
138 16
834 16
801 16
554 16
58 16
694 16
977 16
9 16
317 16
856 16
83 16
211 16
565 16
259 16
531 16
500 16
837 16
535 16
790 16
857 16
122 16
272 16
177 16
55 16
200 16
138 16
681 16
506 16
105 16
934 16
41 16
263 16
416 16
124 16
57 16
94 16
476 16
173 16
443 16
383 16
368 16
467 16
826 16
568 16
247 16
439 16
123 16
960 16
741 16
71 16
878 16
203 16
840 16
306 16
493 16
635 16
229 16
969 16
586 16
783 16
151 16
268 16
160 16
330 16
203 16
262 16
72 16
395 16
591 16
823 16
76 16
269 16
304 16
380 16
807 16
938 16
347 16
492 16
867 16
585 16
651 16
249 16
589 16
968 16
337 16
233 16
923 16
120 16
642 16
665 16
645 16
340 16
570 16
445 16
385 16
245 16
486 16
446 16
416 16
318 16
615 16
808 16
431 16
134 16
147 16
911 16
32 16
511 16
781 16
574 16
950 16
354 16
284 16
659 16
400 16
365 16
170 16
290 16
988 16
315 16
179 16
469 16
341 16
230 16
389 16
69 16
383 16
811 16
22 16
679 16
871 16
241 16
929 16
390 16
720 16
768 16
803 16
496 16
656 16
762 16
786 16
648 16
945 16
577 16
884 16
712 16
707 16
749 16
685 16
681 16
94 16
191 16
659 16
241 16
46 16
8 16
828 16
15 16
375 16
383 16
103 16
381 16
616 16
91 16
48 16
603 16
540 16
581 16
332 16
20 16
531 16
576 16
708 16
751 16
735 16
496 16
271 16
797 16
626 16
965 16
216 16
593 16
605 16
290 16
87 16
553 16
204 16
814 16
803 16
424 16
445 16
199 16
693 16
589 16
95 16
349 16
496 16
595 16
534 16
202 16
684 16
182 16
837 16
452 16
49 16
415 16
21 16
805 16
633 16
932 16
153 16
15 16
270 16
191 16
196 16
655 16
531 16
977 16
90 16
229 16
847 16
19 16
508 16
477 16
796 16
289 16
391 16
133 16
125 16
612 16
60 16
755 16
837 16
874 16
129 16
643 16
701 16
739 16
150 16
898 16
997 16
531 16
973 16
634 16
900 16
167 16
344 16
386 16
211 16
110 16
622 16
192 16
587 16
141 16
240 16
222 16
727 16
591 16
110 16
127 16
172 16
336 16
783 16
652 16
756 16
188 16
661 16
192 16
138 16
792 16
767 16
36 16
96 16
308 16
216 16
935 16
901 16
380 16
437 16
542 16
546 16
618 16
275 16
460 16
403 16
922 16
422 16
318 16
267 16
250 16
935 16
110 16
632 16
51 16
637 16
313 16
341 16
432 16
356 16
383 16
278 16
418 16
787 16
247 16
982 16
5 16
983 16
325 16
597 16
131 16
613 16
665 16
766 16
787 16
813 16
716 16
884 16
766 16
890 16
393 16
124 16
270 16
398 16
294 16
149 16
290 16
594 16
990 16
908 16
538 16
690 16
853 16
820 16
796 16
247 16
599 16
259 16
441 16
647 16
781 16
328 16
392 16
751 16
589 16
937 16
732 16
16 16
925 16
921 16
676 16
903 16
147 16
165 16
399 16
751 16
364 16
39 16
889 16
905 16
223 16
4 16
663 16
595 16
109 16
609 16
283 16
479 16
752 16
475 16
844 16
322 16
749 16
835 16
726 16
61 16
583 16
855 16
761 16
32 16
985 16
142 16
776 16
714 16
392 16
188 16
865 16
973 16
379 16
475 16
572 16
575 16
272 16
347 16
289 16
435 16
660 16
888 16
187 16
806 16
230 16
905 16
219 16
645 16
760 16
569 16
242 16
75 16
19 16
542 16
758 16
321 16
391 16
687 16
440 16
958 16
556 16
819 16
8 16
126 16
511 16
156 16
310 16
719 16
548 16
219 16
230 16
302 16
13 16
869 16
639 16
160 16
28 16
554 16
520 16
325 16
195 16
958 16
455 16
6 16
885 16
56 16
712 16
463 16
368 16
81 16
718 16
600 16
602 16
127 16
393 16
317 16
109 16
31 16
508 16
270 16
433 16
920 16
553 16
680 16
820 16
84 16
996 16
330 16
480 16
714 16
337 16
628 16
57 16
670 16
74 16
602 16
721 16
923 16
969 16
486 16
731 16
631 16
455 16
291 16
360 16
772 16
463 16
758 16
297 16
614 16
777 16
439 16
257 16
920 16
742 16
430 16
246 16
921 16
277 16
72 16
29 16
221 16
913 16
648 16
903 16
758 16
455 16
802 16
635 16
169 16
823 16
371 16
377 16
277 16
222 16
692 16
616 16
341 16
437 16
749 16
789 16
359 16
299 16
895 16
858 16
645 16
618 16
250 16
830 16
481 16
192 16
909 16
982 16
918 16
84 16
331 16
544 16
41 16
978 16
114 16
911 16
30 16
341 16
704 16
224 16
543 16
584 16
502 16
384 16
343 16
458 16
158 16
64 16
157 16
787 16
457 16
590 16
36 16
727 16
1 16
985 16
263 16
254 16
685 16
344 16
746 16
262 16
403 16
184 16
668 16
166 16
975 16
641 16
864 16
823 16
106 16
11 16
602 16
425 16
750 16
706 16
87 16
447 16
645 16
811 16
61 16
976 16
914 16
82 16
441 16
259 16
207 16
522 16
584 16
30 16
917 16
328 16
757 16
923 16
699 16
236 16
209 16
472 16
533 16
540 16
369 16
393 16
933 16
831 16
849 16
716 16
847 16
859 16
750 16
393 16
807 16
436 16
730 16
644 16
653 16
634 16
568 16
593 16
416 16
925 16
766 16
282 16
489 16
424 16
163 16
495 16
390 16
439 16
806 16
227 16
527 16
254 16
782 16
271 16
437 16
71 16
872 16
294 16
902 16
39 16
107 16
645 16
342 16
559 16
96 16
52 16
711 16
58 16
132 16
388 16
153 16
191 16
823 16
783 16
204 16
973 16
15 16
751 16
274 16
125 16
622 16
852 16
18 16
377 16
27 16
886 16
927 16
840 16
948 16
779 16
799 16
682 16
785 16
565 16
271 16
614 16
403 16
443 16
636 16
574 16
155 16
483 16
260 16
931 16
447 16
737 16
331 16
939 16
679 16
358 16
945 16
507 16
758 16
863 16
489 16
27 16
836 16
721 16
437 16
565 16
984 16
390 16
477 16
32 16
715 16
263 16
470 16
983 16
463 16
430 16
231 16
978 16
711 16
727 16
894 16
230 16
544 16
971 16
297 16
830 16
709 16
416 16
449 16
277 16
176 16
800 16
633 16
886 16
364 16
131 16
572 16
554 16
752 16
20 16
36 16
285 16
350 16
974 16
887 16
230 16
993 16
969 16
540 16
737 16
389 16
117 16
20 16
59 16
792 16
225 16
83 16
825 16
638 16
913 16
701 16
934 16
386 16
122 16
157 16
631 16
944 16
770 16
281 16
492 16
921 16
257 16
689 16
93 16
189 16
574 16
39 16
798 16
220 16
696 16
232 16
897 16
920 16
34 16
976 16
671 16
378 16
969 16
468 16
346 16
333 16
333 16
89 16
370 16
192 16
138 16
34 16
890 16
628 16
570 16
910 16
6 16
261 16
144 16
536 16
772 16
782 16
339 16
112 16
763 16
53 16
614 16
279 16
316 16
854 16
360 16
424 16
972 16
355 16
365 16
217 16
236 16
224 16
552 16
609 16
717 16
436 16
323 16
67 16
691 16
108 16
221 16
609 16
245 16
362 16
358 16
244 16
93 16
795 16
890 16
239 16
578 16
39 16
496 16
756 16
552 16
233 16
13 16
358 16
345 16
293 16
66 16
117 16
682 16
137 16
295 16
8 16
676 16
524 16
82 16
957 16
630 16
596 16
496 16
892 16
692 16
924 16
767 16
34 16
614 16
506 16
381 16
25 16
334 16
70 16
985 16
572 16
647 16
966 16
52 16
335 16
87 16
494 16
635 16
829 16
698 16
133 16
860 16
228 16
699 16
635 16
771 16
460 16
582 16
263 16
136 16
853 16
47 16
389 16
350 16
493 16
345 16
652 16
178 16
56 16
668 16
398 16
950 16
146 16
806 16
608 16
257 16
584 16
957 16
849 16
485 16
309 16
150 16
248 16
909 16
960 16
189 16
14 16
825 16
675 16
489 16
938 16
576 16
110 16
939 16
35 16
24 16
882 16
259 16
768 16
772 16
449 16
183 16
227 16
355 16
722 16
105 16
781 16
937 16
268 16
628 16
851 16
868 16
152 16
539 16
453 16
909 16
576 16
374 16
303 16
433 16
670 16
682 16
937 16
172 16
125 16
291 16
337 16
841 16
268 16
488 16
873 16
239 16
249 16
460 16
618 16
619 16
42 16
124 16
55 16
30 16
638 16
362 16
71 16
28 16
274 16
29 16
306 16
472 16
48 16
899 16
308 16
495 16
714 16
932 16
280 16
336 16
604 16
228 16
276 16
316 16
800 16
4 16
586 16
183 16
690 16
637 16
134 16
499 16
771 16
747 16
67 16
374 16
748 16
186 16
969 16
928 16
400 16
928 16
569 16
651 16
532 16
567 16
689 16
478 16
771 16
44 16
634 16
928 16
609 16
449 16
142 16
134 16
217 16
995 16
664 16
33 16
138 16
585 16
932 16
975 16
932 16
770 16
157 16
444 16
528 16
521 16
877 16
268 16
534 16
776 16
175 16
992 16
536 16
566 16
952 16
675 16
788 16
463 16
924 16
856 16
7 16
30 16
933 16
274 16
852 16
129 16
599 16
359 16
771 16
881 16
111 16
266 16
799 16
197 16
585 16
852 16
656 16
898 16
832 16
190 16
703 16
473 16
864 16
925 16
216 16
661 16
807 16
778 16
953 16
535 16
850 16
45 16
89 16
232 16
77 16
461 16
404 16
642 16
290 16
847 16
355 16
907 16
635 16
601 16
968 16
991 16
866 16
250 16
671 16
250 16
189 16
968 16
224 16
15 16
455 16
533 16
736 16
879 16
681 16
838 16
39 16
681 16
608 16
145 16
61 16
602 16
264 16
35 16
966 16
242 16
135 16
100 16
701 16
931 16
388 16
240 16
548 16
758 16
333 16
58 16
473 16
940 16
776 16
582 16
940 16
381 16
745 16
788 16
924 16
801 16
195 16
268 16
474 16
921 16
42 16
674 16
110 16
385 16
804 16
312 16
469 16
372 16
240 16
42 16
860 16
596 16
38 16
546 16
46 16
284 16
390 16
360 16
945 16
940 16
717 16
798 16
335 16
569 16
554 16
174 16
289 16
878 16
335 16
688 16
93 16
11 16
291 16
243 16
112 16
760 16
892 16
791 16
142 16
590 16
298 16
101 16
534 16
282 16
926 16
132 16
259 16
15 16
9 16
977 16
437 16
175 16
441 16
594 16
327 16
533 16
526 16
935 16
977 16
650 16
219 16
573 16
269 16
531 16
520 16
456 16
270 16
907 16
645 16
77 16
165 16
354 16
528 16
337 16
870 16
994 16
687 16
234 16
687 16
273 16
978 16
408 16
720 16
656 16
655 16
574 16
221 16
575 16
841 16
659 16
633 16
106 16
626 16
472 16
125 16
340 16
437 16
478 16
38 16
383 16
345 16
125 16
797 16
934 16
504 16
763 16
463 16
471 16
30 16
327 16
413 16
583 16
668 16
137 16
270 16
419 16
211 16
784 16
896 16
929 16
326 16
615 16
477 16
770 16
121 16
301 16
426 16
876 16
190 16
519 16
323 16
135 16
214 16
612 16
578 16
372 16
228 16
494 16
287 16
53 16
597 16
400 16
49 16
685 16
924 16
976 16
563 16
213 16
994 16
218 16
362 16
504 16
834 16
646 16
410 16
156 16
523 16
95 16
495 16
574 16
278 16
745 16
921 16
776 16
983 16
446 16
201 16
273 16
41 16
909 16
761 16
489 16
394 16
392 16
144 16
535 16
174 16
769 16
451 16
618 16
991 16
376 16
495 16
176 16
721 16
819 16
338 16
790 16
740 16
139 16
273 16
429 16
619 16
575 16
588 16
85 16
753 16
63 16
846 16
945 16
947 16
70 16
865 16
550 16
296 16
829 16
934 16
113 16
774 16
560 16
146 16
749 16
982 16
752 16
692 16
933 16
479 16
876 16
698 16
940 16
304 16
604 16
940 16
390 16
623 16
292 16
448 16
939 16
599 16
498 16
484 16
656 16
894 16
68 16
987 16
465 16
308 16
209 16
462 16
567 16
223 16
50 16
932 16
338 16
468 16
244 16
92 16
411 16
880 16
725 16
271 16
673 16
380 16
568 16
379 16
478 16
599 16
687 16
225 16
652 16
349 16
836 16
16 16
10 16
645 16
876 16
163 16
581 16
777 16
760 16
973 16
109 16
910 16
809 16
893 16
381 16
971 16
32 16
844 16
798 16
919 16
200 16
411 16
817 16
715 16
537 16
322 16
383 16
646 16
417 16
811 16
159 16
279 16
968 16
61 16
26 16
605 16
368 16
757 16
959 16
3 16
191 16
726 16
246 16
671 16
675 16
777 16
771 16
769 16
913 16
416 16
370 16
329 16
762 16
524 16
409 16
417 16
891 16
462 16
670 16
746 16
63 16
122 16
837 16
34 16
603 16
64 16
750 16
122 16
606 16
124 16
546 16
526 16
154 16
510 16
120 16
934 16
603 16
948 16
312 16
698 16
91 16
355 16
394 16
834 16
920 16
540 16
932 16
82 16
467 16
410 16
583 16
117 16
126 16
234 16
53 16
185 16
121 16
756 16
801 16
96 16
640 16
126 16
522 16
495 16
301 16
152 16
821 16
439 16
165 16
698 16
591 16
144 16
842 16
561 16
724 16
269 16
773 16
400 16
398 16
635 16
421 16
867 16
398 16
532 16
185 16
751 16
120 16
536 16
917 16
990 16
510 16
771 16
524 16
271 16
340 16
545 16
219 16
209 16
523 16
77 16
990 16
295 16
900 16
361 16
929 16
727 16
346 16
152 16
637 16
133 16
924 16
815 16
645 16
45 16
366 16
66 16
11 16
46 16
388 16
124 16
228 16
409 16
355 16
294 16
141 16
593 16
819 16
760 16
497 16
116 16
532 16
253 16
840 16
983 16
235 16
904 16
189 16
569 16
34 16
517 16
660 16
286 16
738 16
659 16
278 16
947 16
869 16
469 16
362 16
417 16
508 16
199 16
218 16
66 16
210 16
886 16
111 16
393 16
347 16
200 16
610 16
462 16
565 16
643 16
569 16
15 16
937 16
618 16
274 16
410 16
542 16
153 16
534 16
366 16
443 16
289 16
605 16
146 16
622 16
543 16
90 16
733 16
949 16
911 16
138 16
117 16
664 16
127 16
887 16
891 16
545 16
46 16
811 16
427 16
538 16
139 16
780 16
97 16
354 16
817 16
211 16
559 16
611 16
640 16
424 16
523 16
307 16
815 16
453 16
821 16
556 16
501 16
861 16
398 16
682 16
264 16
977 16
52 16
561 16
836 16
735 16
331 16
809 16
829 16
672 16
878 16
983 16
712 16
364 16
170 16
609 16
891 16
13 16
91 16
221 16
5 16
