424 18
835 18
524 18
282 18
11 18
977 18
29 18
863 18
44 18
765 18
295 18
473 18
350 18
690 18
723 18
726 18
819 18
944 18
582 18
720 18
89 18
639 18
157 18
612 18
536 18
449 18
934 18
495 18
616 18
452 18
842 18
452 18
696 18
922 18
255 18
334 18
945 18
535 18
506 18
223 18
393 18
79 18
169 18
899 18
195 18
738 18
655 18
980 18
515 18
397 18
832 18
226 18
103 18
742 18
28 18
407 18
914 18
852 18
401 18
20 18
298 18
896 18
64 18
596 18
561 18
884 18
426 18
547 18
304 18
854 18
796 18
850 18
519 18
272 18
861 18
794 18
10 18
360 18
568 18
89 18
198 18
831 18
660 18
54 18
289 18
721 18
449 18
134 18
870 18
352 18
726 18
121 18
696 18
148 18
534 18
60 18
246 18
507 18
897 18
51 18
533 18
937 18
326 18
843 18
875 18
260 18
757 18
601 18
151 18
527 18
402 18
27 18
575 18
177 18
95 18
505 18
825 18
113 18
673 18
326 18
451 18
345 18
370 18
761 18
717 18
892 18
967 18
235 18
748 18
524 18
959 18
668 18
354 18
172 18
692 18
951 18
57 18
791 18
670 18
574 18
239 18
940 18
850 18
243 18
874 18
71 18
938 18
29 18
76 18
284 18
927 18
539 18
10 18
322 18
801 18
480 18
55 18
298 18
487 18
51 18
318 18
939 18
9 18
769 18
636 18
748 18
202 18
106 18
364 18
741 18
212 18
485 18
556 18
754 18
108 18
800 18
316 18
84 18
660 18
912 18
7 18
254 18
951 18
553 18
146 18
233 18
479 18
274 18
577 18
757 18
226 18
761 18
617 18
908 18
51 18
294 18
240 18
68 18
453 18
903 18
792 18
298 18
474 18
824 18
19 18
421 18
778 18
84 18
65 18
406 18
223 18
476 18
212 18
810 18
789 18
779 18
484 18
993 18
39 18
396 18
903 18
158 18
748 18
640 18
496 18
739 18
537 18
432 18
96 18
361 18
200 18
531 18
210 18
305 18
598 18
668 18
760 18
930 18
218 18
356 18
692 18
567 18
784 18
999 18
505 18
116 18
126 18
381 18
647 18
197 18
54 18
544 18
877 18
907 18
770 18
837 18
912 18
388 18
38 18
857 18
866 18
694 18
855 18
401 18
838 18
567 18
938 18
478 18
520 18
44 18
439 18
531 18
66 18
509 18
571 18
668 18
800 18
841 18
637 18
957 18
885 18
451 18
656 18
164 18
558 18
896 18
943 18
780 18
285 18
315 18
424 18
175 18
992 18
71 18
967 18
583 18
687 18
961 18
659 18
393 18
61 18
704 18
989 18
326 18
990 18
394 18
628 18
487 18
447 18
484 18
238 18
389 18
946 18
909 18
73 18
947 18
56 18
87 18
808 18
800 18
297 18
652 18
753 18
324 18
280 18
401 18
171 18
119 18
66 18
785 18
260 18
297 18
101 18
481 18
857 18
513 18
788 18
523 18
151 18
469 18
744 18
985 18
589 18
690 18
211 18
424 18
973 18
737 18
6 18
239 18
936 18
782 18
779 18
914 18
326 18
598 18
348 18
191 18
111 18
317 18
634 18
884 18
195 18
658 18
386 18
379 18
349 18
775 18
122 18
828 18
871 18
288 18
17 18
309 18
143 18
183 18
644 18
736 18
847 18
474 18
764 18
57 18
651 18
322 18
317 18
899 18
155 18
456 18
130 18
950 18
535 18
222 18
636 18
526 18
530 18
264 18
162 18
803 18
128 18
213 18
561 18
521 18
905 18
822 18
172 18
532 18
615 18
969 18
832 18
265 18
724 18
818 18
894 18
907 18
53 18
207 18
436 18
249 18
587 18
767 18
709 18
537 18
728 18
646 18
331 18
163 18
166 18
199 18
375 18
812 18
139 18
79 18
232 18
550 18
481 18
386 18
871 18
200 18
834 18
788 18
195 18
415 18
272 18
350 18
312 18
953 18
746 18
226 18
379 18
209 18
3 18
437 18
512 18
108 18
397 18
329 18
788 18
431 18
875 18
308 18
975 18
547 18
948 18
232 18
81 18
166 18
538 18
672 18
717 18
679 18
418 18
995 18
706 18
606 18
63 18
280 18
670 18
494 18
335 18
719 18
102 18
271 18
367 18
64 18
73 18
364 18
490 18
346 18
451 18
30 18
61 18
545 18
540 18
51 18
502 18
829 18
104 18
175 18
210 18
332 18
930 18
989 18
485 18
811 18
57 18
282 18
396 18
78 18
861 18
798 18
975 18
977 18
354 18
487 18
499 18
898 18
491 18
36 18
708 18
846 18
898 18
308 18
231 18
284 18
652 18
745 18
517 18
306 18
738 18
996 18
763 18
794 18
817 18
221 18
886 18
920 18
523 18
54 18
229 18
27 18
759 18
310 18
935 18
741 18
131 18
325 18
499 18
553 18
58 18
329 18
54 18
256 18
680 18
20 18
6 18
632 18
169 18
759 18
485 18
722 18
890 18
648 18
890 18
654 18
136 18
43 18
770 18
229 18
573 18
360 18
252 18
699 18
865 18
281 18
265 18
671 18
924 18
653 18
594 18
432 18
233 18
62 18
84 18
638 18
503 18
36 18
22 18
873 18
209 18
220 18
651 18
698 18
749 18
608 18
699 18
77 18
122 18
948 18
268 18
503 18
690 18
842 18
190 18
882 18
463 18
499 18
483 18
138 18
178 18
155 18
141 18
715 18
486 18
303 18
378 18
169 18
739 18
326 18
723 18
572 18
663 18
385 18
18 18
582 18
807 18
177 18
49 18
530 18
19 18
11 18
24 18
802 18
775 18
826 18
190 18
549 18
269 18
905 18
657 18
587 18
0 18
579 18
48 18
495 18
596 18
945 18
933 18
360 18
881 18
495 18
456 18
331 18
303 18
444 18
215 18
393 18
955 18
125 18
2 18
177 18
967 18
621 18
682 18
329 18
55 18
994 18
81 18
390 18
79 18
358 18
965 18
454 18
83 18
121 18
407 18
982 18
543 18
752 18
256 18
685 18
773 18
596 18
458 18
740 18
668 18
705 18
92 18
944 18
333 18
209 18
144 18
310 18
569 18
957 18
327 18
793 18
799 18
215 18
484 18
339 18
186 18
183 18
93 18
470 18
62 18
232 18
973 18
574 18
491 18
774 18
439 18
893 18
442 18
943 18
382 18
858 18
820 18
955 18
295 18
959 18
122 18
201 18
496 18
733 18
711 18
87 18
122 18
638 18
370 18
981 18
673 18
767 18
216 18
271 18
316 18
712 18
606 18
30 18
896 18
705 18
484 18
185 18
399 18
739 18
597 18
349 18
413 18
185 18
834 18
462 18
99 18
441 18
622 18
841 18
885 18
778 18
980 18
872 18
607 18
323 18
325 18
768 18
948 18
150 18
262 18
907 18
366 18
848 18
239 18
901 18
10 18
141 18
998 18
349 18
162 18
796 18
889 18
818 18
350 18
933 18
442 18
791 18
517 18
915 18
276 18
660 18
309 18
146 18
524 18
427 18
250 18
773 18
780 18
940 18
979 18
580 18
377 18
557 18
176 18
425 18
75 18
586 18
143 18
405 18
557 18
901 18
902 18
284 18
970 18
954 18
851 18
130 18
416 18
201 18
192 18
856 18
985 18
320 18
650 18
799 18
755 18
101 18
192 18
40 18
650 18
813 18
664 18
333 18
187 18
628 18
325 18
192 18
521 18
457 18
341 18
886 18
797 18
13 18
551 18
975 18
486 18
888 18
2 18
212 18
816 18
32 18
96 18
477 18
824 18
632 18
441 18
559 18
5 18
305 18
764 18
727 18
867 18
447 18
552 18
934 18
866 18
586 18
849 18
680 18
651 18
750 18
334 18
322 18
298 18
314 18
159 18
584 18
558 18
218 18
701 18
560 18
614 18
617 18
257 18
742 18
478 18
223 18
390 18
637 18
271 18
915 18
682 18
815 18
60 18
173 18
367 18
977 18
936 18
347 18
401 18
710 18
77 18
813 18
104 18
135 18
864 18
807 18
308 18
659 18
641 18
291 18
64 18
577 18
478 18
712 18
864 18
399 18
654 18
707 18
780 18
221 18
203 18
528 18
775 18
820 18
321 18
741 18
329 18
156 18
547 18
387 18
935 18
566 18
796 18
954 18
869 18
135 18
923 18
280 18
90 18
478 18
432 18
190 18
897 18
547 18
60 18
568 18
936 18
355 18
453 18
486 18
161 18
300 18
302 18
171 18
734 18
537 18
437 18
489 18
105 18
986 18
989 18
111 18
937 18
628 18
292 18
305 18
225 18
320 18
671 18
826 18
195 18
787 18
402 18
145 18
394 18
202 18
260 18
581 18
965 18
479 18
550 18
957 18
735 18
644 18
244 18
985 18
347 18
123 18
748 18
495 18
684 18
623 18
516 18
299 18
227 18
83 18
664 18
934 18
306 18
341 18
97 18
793 18
933 18
95 18
969 18
630 18
992 18
306 18
458 18
411 18
883 18
334 18
22 18
460 18
507 18
275 18
465 18
709 18
754 18
573 18
635 18
801 18
398 18
16 18
514 18
49 18
247 18
560 18
141 18
268 18
306 18
170 18
819 18
847 18
755 18
213 18
457 18
66 18
207 18
599 18
90 18
143 18
999 18
342 18
352 18
215 18
72 18
731 18
585 18
27 18
944 18
260 18
166 18
564 18
755 18
567 18
333 18
511 18
699 18
854 18
854 18
177 18
406 18
852 18
850 18
530 18
953 18
994 18
303 18
633 18
435 18
814 18
712 18
269 18
612 18
520 18
841 18
66 18
516 18
938 18
977 18
128 18
512 18
796 18
432 18
284 18
71 18
138 18
408 18
625 18
706 18
914 18
168 18
359 18
930 18
109 18
298 18
862 18
52 18
674 18
566 18
663 18
759 18
49 18
464 18
247 18
838 18
419 18
901 18
209 18
193 18
115 18
579 18
471 18
254 18
953 18
46 18
61 18
373 18
371 18
630 18
722 18
345 18
400 18
214 18
931 18
546 18
435 18
232 18
438 18
407 18
56 18
867 18
520 18
56 18
870 18
150 18
355 18
170 18
161 18
695 18
672 18
732 18
283 18
860 18
717 18
951 18
926 18
675 18
715 18
642 18
896 18
245 18
550 18
691 18
148 18
685 18
194 18
185 18
161 18
654 18
230 18
222 18
9 18
978 18
520 18
882 18
760 18
535 18
997 18
947 18
495 18
723 18
131 18
329 18
164 18
377 18
917 18
53 18
344 18
980 18
450 18
970 18
908 18
464 18
562 18
932 18
25 18
720 18
774 18
636 18
307 18
289 18
691 18
125 18
745 18
22 18
43 18
417 18
299 18
605 18
768 18
565 18
144 18
46 18
477 18
684 18
92 18
476 18
755 18
382 18
914 18
700 18
381 18
225 18
35 18
259 18
625 18
960 18
227 18
164 18
956 18
279 18
229 18
774 18
688 18
273 18
411 18
739 18
572 18
545 18
996 18
645 18
168 18
428 18
921 18
100 18
484 18
48 18
141 18
787 18
572 18
262 18
833 18
792 18
442 18
170 18
362 18
393 18
184 18
11 18
672 18
212 18
792 18
310 18
579 18
599 18
154 18
605 18
228 18
711 18
97 18
173 18
893 18
276 18
178 18
213 18
790 18
208 18
106 18
266 18
437 18
720 18
620 18
480 18
521 18
659 18
19 18
90 18
251 18
56 18
10 18
490 18
826 18
725 18
398 18
997 18
530 18
522 18
972 18
629 18
471 18
643 18
508 18
618 18
892 18
300 18
537 18
115 18
690 18
983 18
884 18
278 18
631 18
1 18
45 18
279 18
358 18
138 18
510 18
277 18
684 18
11 18
51 18
264 18
638 18
690 18
329 18
775 18
788 18
129 18
522 18
710 18
762 18
917 18
699 18
300 18
675 18
282 18
610 18
298 18
258 18
716 18
983 18
800 18
143 18
912 18
445 18
178 18
635 18
169 18
957 18
207 18
280 18
70 18
704 18
906 18
607 18
592 18
383 18
193 18
47 18
58 18
409 18
291 18
495 18
897 18
376 18
263 18
112 18
523 18
584 18
791 18
66 18
476 18
85 18
283 18
986 18
515 18
344 18
810 18
564 18
739 18
957 18
452 18
891 18
549 18
108 18
515 18
194 18
635 18
995 18
767 18
814 18
831 18
252 18
48 18
282 18
498 18
984 18
174 18
374 18
353 18
848 18
933 18
406 18
322 18
283 18
293 18
698 18
580 18
577 18
605 18
207 18
348 18
762 18
815 18
529 18
156 18
588 18
431 18
483 18
166 18
8 18
965 18
733 18
942 18
312 18
962 18
480 18
765 18
455 18
166 18
954 18
650 18
940 18
512 18
185 18
987 18
893 18
568 18
517 18
201 18
492 18
838 18
862 18
449 18
16 18
205 18
158 18
935 18
691 18
66 18
477 18
421 18
283 18
230 18
528 18
498 18
880 18
91 18
725 18
869 18
601 18
732 18
918 18
256 18
91 18
748 18
423 18
138 18
191 18
856 18
246 18
821 18
350 18
457 18
806 18
758 18
971 18
138 18
991 18
218 18
670 18
88 18
541 18
597 18
321 18
783 18
491 18
630 18
392 18
681 18
613 18
303 18
394 18
49 18
359 18
921 18
566 18
542 18
566 18
884 18
76 18
971 18
768 18
883 18
354 18
459 18
362 18
134 18
335 18
514 18
126 18
465 18
927 18
782 18
991 18
410 18
652 18
740 18
947 18
8 18
421 18
23 18
683 18
903 18
830 18
372 18
674 18
551 18
187 18
937 18
928 18
916 18
786 18
316 18
674 18
201 18
308 18
103 18
319 18
206 18
968 18
896 18
345 18
280 18
709 18
591 18
718 18
631 18
321 18
377 18
259 18
51 18
386 18
130 18
956 18
415 18
848 18
487 18
202 18
984 18
726 18
961 18
481 18
415 18
51 18
806 18
293 18
698 18
777 18
497 18
569 18
689 18
250 18
842 18
523 18
795 18
769 18
600 18
319 18
649 18
428 18
122 18
703 18
418 18
980 18
445 18
252 18
494 18
262 18
239 18
123 18
959 18
170 18
851 18
311 18
313 18
253 18
390 18
726 18
762 18
869 18
430 18
443 18
155 18
720 18
490 18
160 18
639 18
345 18
603 18
902 18
819 18
41 18
746 18
51 18
35 18
886 18
436 18
582 18
934 18
554 18
888 18
233 18
423 18
987 18
370 18
699 18
541 18
370 18
15 18
930 18
436 18
298 18
456 18
386 18
554 18
504 18
316 18
404 18
382 18
513 18
894 18
102 18
434 18
652 18
990 18
667 18
793 18
452 18
339 18
919 18
339 18
338 18
358 18
624 18
582 18
254 18
682 18
708 18
879 18
815 18
663 18
324 18
870 18
7 18
829 18
858 18
823 18
948 18
630 18
948 18
53 18
436 18
861 18
132 18
481 18
240 18
570 18
35 18
256 18
195 18
895 18
386 18
738 18
736 18
789 18
485 18
383 18
22 18
319 18
620 18
84 18
177 18
248 18
223 18
435 18
997 18
201 18
982 18
265 18
993 18
634 18
194 18
296 18
414 18
298 18
276 18
77 18
107 18
786 18
247 18
708 18
423 18
955 18
476 18
919 18
905 18
976 18
211 18
46 18
199 18
590 18
232 18
24 18
306 18
815 18
794 18
271 18
858 18
814 18
427 18
946 18
627 18
294 18
60 18
427 18
60 18
611 18
825 18
985 18
847 18
697 18
588 18
889 18
986 18
715 18
985 18
661 18
298 18
708 18
989 18
270 18
134 18
898 18
900 18
38 18
927 18
136 18
526 18
446 18
434 18
250 18
325 18
326 18
902 18
411 18
749 18
251 18
681 18
355 18
520 18
402 18
450 18
957 18
893 18
907 18
98 18
948 18
436 18
801 18
525 18
637 18
585 18
301 18
246 18
743 18
355 18
418 18
628 18
7 18
72 18
300 18
415 18
880 18
71 18
458 18
334 18
48 18
865 18
178 18
89 18
854 18
556 18
643 18
534 18
672 18
246 18
782 18
627 18
265 18
115 18
486 18
870 18
566 18
58 18
910 18
532 18
281 18
58 18
537 18
260 18
191 18
477 18
589 18
32 18
173 18
222 18
753 18
679 18
616 18
628 18
886 18
617 18
513 18
323 18
689 18
657 18
55 18
859 18
982 18
864 18
734 18
527 18
856 18
555 18
349 18
685 18
941 18
539 18
677 18
373 18
375 18
261 18
878 18
351 18
461 18
358 18
652 18
973 18
384 18
333 18
14 18
706 18
89 18
261 18
255 18
999 18
520 18
277 18
157 18
992 18
831 18
13 18
175 18
647 18
973 18
719 18
716 18
236 18
366 18
384 18
198 18
279 18
287 18
250 18
614 18
44 18
160 18
783 18
57 18
978 18
307 18
756 18
39 18
928 18
560 18
679 18
900 18
12 18
235 18
623 18
800 18
242 18
909 18
503 18
809 18
173 18
278 18
750 18
720 18
853 18
69 18
942 18
569 18
317 18
246 18
86 18
515 18
511 18
578 18
335 18
160 18
391 18
397 18
631 18
71 18
369 18
152 18
269 18
669 18
287 18
94 18
867 18
586 18
979 18
28 18
73 18
175 18
870 18
442 18
611 18
589 18
642 18
622 18
265 18
304 18
250 18
63 18
503 18
659 18
476 18
407 18
216 18
133 18
664 18
970 18
236 18
554 18
728 18
467 18
203 18
140 18
236 18
934 18
901 18
0 18
513 18
200 18
279 18
925 18
221 18
82 18
644 18
766 18
281 18
845 18
934 18
9 18
779 18
863 18
415 18
280 18
296 18
27 18
209 18
573 18
626 18
175 18
653 18
347 18
507 18
543 18
428 18
471 18
487 18
839 18
888 18
349 18
991 18
69 18
126 18
367 18
271 18
157 18
659 18
497 18
453 18
526 18
280 18
415 18
620 18
426 18
179 18
623 18
813 18
106 18
219 18
19 18
193 18
656 18
792 18
815 18
454 18
62 18
692 18
362 18
467 18
908 18
658 18
439 18
81 18
559 18
522 18
642 18
192 18
245 18
29 18
760 18
715 18
589 18
251 18
807 18
465 18
410 18
47 18
540 18
161 18
177 18
460 18
892 18
17 18
440 18
711 18
194 18
587 18
750 18
176 18
207 18
669 18
226 18
54 18
736 18
339 18
819 18
805 18
241 18
51 18
198 18
607 18
47 18
125 18
54 18
444 18
764 18
533 18
878 18
919 18
739 18
14 18
570 18
776 18
867 18
821 18
452 18
231 18
936 18
847 18
890 18
203 18
780 18
416 18
204 18
999 18
621 18
57 18
971 18
990 18
625 18
885 18
269 18
987 18
972 18
896 18
685 18
719 18
234 18
837 18
800 18
127 18
728 18
682 18
442 18
721 18
612 18
434 18
895 18
260 18
205 18
431 18
965 18
858 18
852 18
665 18
662 18
115 18
834 18
504 18
740 18
646 18
68 18
26 18
317 18
902 18
938 18
993 18
374 18
687 18
461 18
500 18
460 18
387 18
926 18
352 18
46 18
374 18
427 18
43 18
261 18
866 18
772 18
398 18
189 18
272 18
884 18
12 18
118 18
100 18
187 18
234 18
419 18
635 18
960 18
861 18
667 18
716 18
292 18
563 18
270 18
600 18
58 18
383 18
959 18
615 18
250 18
877 18
848 18
240 18
836 18
93 18
676 18
549 18
418 18
799 18
93 18
873 18
583 18
972 18
29 18
207 18
699 18
853 18
298 18
888 18
384 18
963 18
283 18
752 18
431 18
674 18
287 18
590 18
171 18
410 18
493 18
375 18
624 18
307 18
141 18
621 18
380 18
572 18
525 18
313 18
659 18
248 18
305 18
770 18
601 18
583 18
906 18
592 18
183 18
732 18
854 18
34 18
393 18
352 18
944 18
448 18
439 18
770 18
14 18
606 18
911 18
905 18
441 18
78 18
667 18
432 18
610 18
649 18
118 18
236 18
471 18
289 18
106 18
5 18
556 18
870 18
214 18
214 18
199 18
403 18
491 18
107 18
804 18
428 18
325 18
719 18
911 18
23 18
327 18
839 18
407 18
276 18
751 18
631 18
583 18
522 18
609 18
838 18
865 18
719 18
575 18
112 18
628 18
923 18
341 18
96 18
356 18
602 18
490 18
360 18
224 18
340 18
195 18
799 18
798 18
27 18
114 18
437 18
251 18
104 18
220 18
950 18
175 18
539 18
145 18
192 18
476 18
933 18
76 18
203 18
872 18
251 18
449 18
701 18
904 18
185 18
750 18
311 18
540 18
369 18
90 18
335 18
226 18
823 18
3 18
530 18
642 18
554 18
580 18
990 18
584 18
577 18
675 18
793 18
840 18
375 18
392 18
434 18
900 18
540 18
1 18
754 18
817 18
546 18
474 18
102 18
496 18
113 18
418 18
868 18
472 18
199 18
553 18
896 18
536 18
592 18
606 18
578 18
666 18
29 18
469 18
725 18
139 18
28 18
53 18
414 18
16 18
300 18
80 18
847 18
466 18
412 18
867 18
31 18
818 18
559 18
221 18
192 18
15 18
429 18
165 18
429 18
676 18
537 18
108 18
886 18
863 18
362 18
25 18
33 18
700 18
777 18
139 18
383 18
464 18
182 18
745 18
720 18
537 18
383 18
198 18
36 18
355 18
111 18
368 18
807 18
997 18
774 18
279 18
375 18
538 18
730 18
451 18
557 18
748 18
226 18
542 18
982 18
915 18
579 18
440 18
789 18
10 18
497 18
921 18
351 18
154 18
172 18
562 18
643 18
920 18
772 18
628 18
836 18
506 18
978 18
642 18
892 18
472 18
164 18
451 18
326 18
173 18
757 18
135 18
392 18
996 18
231 18
371 18
636 18
927 18
981 18
55 18
321 18
954 18
578 18
836 18
587 18
830 18
440 18
443 18
435 18
330 18
110 18
449 18
436 18
348 18
281 18
742 18
292 18
229 18
725 18
197 18
74 18
659 18
40 18
694 18
667 18
600 18
955 18
887 18
947 18
567 18
438 18
153 18
378 18
319 18
655 18
286 18
780 18
351 18
303 18
161 18
909 18
49 18
409 18
422 18
672 18
404 18
823 18
976 18
2 18
42 18
747 18
801 18
719 18
136 18
415 18
180 18
280 18
556 18
650 18
38 18
144 18
168 18
256 18
187 18
